---
pid: 5011
cwd: /home/mia/semester_thesis/iso_swarm
active_command: pixi shell
---
13.9) 20:(-13.8,11.0,-13.9) 21:(13.8,11.0,-13.9) 22:(7.7,-15.9,13.9) 23:(17.3,-3.9,13.9)
mode=5 n=24 points=0:(35.6,0.0,0.0) 1:(-35.6,0.0,0.0) 2:(0.0,35.6,0.0) 3:(0.0,-35.6,0.0) 4:(0.0,0.0,27.9) 5:(0.0,0.0,-27.9) 6:(-7.7,-15.9,13.9) 7:(13.6,-32.8,0.0) 8:(0.0,17.7,-13.9) 9:(32.8,13.6,0.0) 10:(-7.7,-15.9,-13.9) 11:(-17.3,-3.9,13.9) 12:(0.0,17.7,13.9) 13:(-17.3,-3.9,-13.9) 14:(7.7,-15.9,-13.9) 15:(-13.6,32.8,0.0) 16:(17.3,-3.9,-13.9) 17:(-32.8,-13.6,0.0) 18:(13.8,11.0,13.9) 19:(-13.8,11.0,13.9) 20:(-13.8,11.0,-13.9) 21:(13.8,11.0,-13.9) 22:(7.7,-15.9,13.9) 23:(17.3,-3.9,13.9)
mode=5 n=24 points=0:(35.6,0.0,0.0) 1:(-35.6,0.0,0.0) 2:(0.0,35.6,0.0) 3:(0.0,-35.6,0.0) 4:(0.0,0.0,27.9) 5:(0.0,0.0,-27.9) 6:(-7.7,-15.9,13.9) 7:(13.6,-32.8,0.0) 8:(0.0,17.7,-13.9) 9:(32.8,13.6,0.0) 10:(-7.7,-15.9,-13.9) 11:(-17.3,-3.9,13.9) 12:(0.0,17.7,13.9) 13:(-17.3,-3.9,-13.9) 14:(7.7,-15.9,-13.9) 15:(-13.6,32.8,0.0) 16:(17.3,-3.9,-13.9) 17:(-32.8,-13.6,0.0) 18:(13.8,11.0,13.9) 19:(-13.8,11.0,13.9) 20:(-13.8,11.0,-13.9) 21:(13.8,11.0,-13.9) 22:(7.7,-15.9,13.9) 23:(17.3,-3.9,13.9)
mode=5 n=24 points=0:(35.6,0.0,0.0) 1:(-35.6,0.0,0.0) 2:(0.0,35.6,0.0) 3:(0.0,-35.6,0.0) 4:(0.0,0.0,27.9) 5:(0.0,0.0,-27.9) 6:(-7.7,-15.9,13.9) 7:(13.6,-32.8,0.0) 8:(0.0,17.7,-13.9) 9:(32.8,13.6,0.0) 10:(-7.7,-15.9,-13.9) 11:(-17.3,-3.9,13.9) 12:(0.0,17.7,13.9) 13:(-17.3,-3.9,-13.9) 14:(7.7,-15.9,-13.9) 15:(-13.6,32.8,0.0) 16:(17.3,-3.9,-13.9) 17:(-32.8,-13.6,0.0) 18:(13.8,11.0,13.9) 19:(-13.8,11.0,13.9) 20:(-13.8,11.0,-13.9) 21:(13.8,11.0,-13.9) 22:(7.7,-15.9,13.9) 23:(17.3,-3.9,13.9)
mode=5 n=24 points=0:(35.6,0.0,0.0) 1:(-35.6,0.0,0.0) 2:(0.0,35.6,0.0) 3:(0.0,-35.6,0.0) 4:(0.0,0.0,27.9) 5:(0.0,0.0,-27.9) 6:(-7.7,-15.9,13.9) 7:(13.6,-32.8,0.0) 8:(0.0,17.7,-13.9) 9:(32.8,13.6,0.0) 10:(-7.7,-15.9,-13.9) 11:(-17.3,-3.9,13.9) 12:(0.0,17.7,13.9) 13:(-17.3,-3.9,-13.9) 14:(7.7,-15.9,-13.9) 15:(-13.6,32.8,0.0) 16:(17.3,-3.9,-13.9) 17:(-32.8,-13.6,0.0) 18:(13.8,11.0,13.9) 19:(-13.8,11.0,13.9) 20:(-13.8,11.0,-13.9) 21:(13.8,11.0,-13.9) 22:(7.7,-15.9,13.9) 23:(17.3,-3.9,13.9)
mode=5 n=24 points=0:(35.6,0.0,0.0) 1:(-35.6,0.0,0.0) 2:(0.0,35.6,0.0) 3:(0.0,-35.6,0.0) 4:(0.0,0.0,27.9) 5:(0.0,0.0,-27.9) 6:(-7.7,-15.9,13.9) 7:(13.6,-32.8,0.0) 8:(0.0,17.7,-13.9) 9:(32.8,13.6,0.0) 10:(-7.7,-15.9,-13.9) 11:(-17.3,-3.9,13.9) 12:(0.0,17.7,13.9) 13:(-17.3,-3.9,-13.9) 14:(7.7,-15.9,-13.9) 15:(-13.6,32.8,0.0) 16:(17.3,-3.9,-13.9) 17:(-32.8,-13.6,0.0) 18:(13.8,11.0,13.9) 19:(-13.8,11.0,13.9) 20:(-13.8,11.0,-13.9) 21:(13.8,11.0,-13.9) 22:(7.7,-15.9,13.9) 23:(17.3,-3.9,13.9)
mode=5 n=24 points=0:(35.6,0.0,0.0) 1:(-35.6,0.0,0.0) 2:(0.0,35.6,0.0) 3:(0.0,-35.6,0.0) 4:(0.0,0.0,27.9) 5:(0.0,0.0,-27.9) 6:(-7.7,-15.9,13.9) 7:(13.6,-32.8,0.0) 8:(0.0,17.7,-13.9) 9:(32.8,13.6,0.0) 10:(-7.7,-15.9,-13.9) 11:(-17.3,-3.9,13.9) 12:(0.0,17.7,13.9) 13:(-17.3,-3.9,-13.9) 14:(7.7,-15.9,-13.9) 15:(-13.6,32.8,0.0) 16:(17.3,-3.9,-13.9) 17:(-32.8,-13.6,0.0) 18:(13.8,11.0,13.9) 19:(-13.8,11.0,13.9) 20:(-13.8,11.0,-13.9) 21:(13.8,11.0,-13.9) 22:(7.7,-15.9,13.9) 23:(17.3,-3.9,13.9)
mode=5 n=24 points=0:(35.6,0.0,0.0) 1:(-35.6,0.0,0.0) 2:(0.0,35.6,0.0) 3:(0.0,-35.6,0.0) 4:(0.0,0.0,27.9) 5:(0.0,0.0,-27.9) 6:(-7.1,-14.7,13.9) 7:(5.9,-35.0,0.0) 8:(4.2,15.9,-13.9) 9:(35.1,-5.1,0.0) 10:(-4.2,-15.9,-13.9) 11:(-16.1,-3.6,13.9) 12:(0.1,16.6,13.9) 13:(-15.9,-4.2,-13.9) 14:(11.5,-11.5,-13.9) 15:(-25.0,24.4,0.0) 16:(15.5,31.5,0.0) 17:(-31.1,-16.2,0.0) 18:(12.8,10.1,13.9) 19:(-12.7,10.2,13.9) 20:(-11.5,11.5,-13.9) 21:(15.9,4.2,-13.9) 22:(7.0,-14.8,13.9) 23:(16.1,-3.7,13.9)
mode=1 n=24 points=0:(35.6,0.0,0.0) 1:(-35.6,0.0,0.0) 2:(0.0,35.6,0.0) 3:(0.0,-35.6,0.0) 4:(0.0,0.0,27.9) 5:(0.0,0.0,-27.9) 6:(-20.4,-24.7,10.2) 7:(25.0,-24.3,0.4) 8:(7.2,23.4,-19.3) 9:(20.8,26.4,6.8) 10:(-7.9,-21.9,-20.2) 11:(-23.3,-4.4,20.0) 12:(0.4,24.3,19.6) 13:(-25.4,-0.3,-18.8) 14:(14.0,-24.3,-15.9) 15:(-24.8,24.5,-1.3) 16:(26.7,18.5,-9.4) 17:(-25.4,-22.1,-6.8) 18:(23.0,7.9,19.4) 19:(-21.8,17.8,15.7) 20:(-14.8,21.3,-17.9) 21:(24.0,-2.5,-19.7) 22:(0.9,-24.6,19.4) 23:(22.5,-14.4,17.2)
mode=2 n=24 points=0:(35.6,0.0,0.0) 1:(-35.6,0.0,0.0) 2:(0.0,35.6,0.0) 3:(0.0,-35.6,0.0) 4:(0.8,0.0,27.9) 5:(0.8,0.0,-27.9) 6:(35.6,-0.0,0.0) 7:(17.7,30.7,0.0) 8:(-9.0,34.3,-27.9) 9:(-35.6,-0.0,0.0) 10:(9.0,-34.3,-27.9) 11:(-25.1,-24.9,27.9) 12:(-9.0,34.3,27.9) 13:(-25.1,-24.9,-27.9) 14:(34.3,-9.3,-27.9) 15:(-17.7,-30.7,0.0) 16:(-17.7,30.7,0.0) 17:(17.7,-30.7,0.0) 18:(25.1,24.9,27.9) 19:(-34.3,9.3,27.9) 20:(-34.3,9.3,-27.9) 21:(25.1,24.9,-27.9) 22:(9.0,-34.3,27.9) 23:(34.3,-9.3,27.9)
mode=2 n=24 points=0:(35.6,0.0,0.0) 1:(-35.6,0.0,0.0) 2:(0.0,35.6,0.0) 3:(0.0,-35.6,0.0) 4:(0.8,0.0,27.9) 5:(0.8,0.0,-27.9) 6:(35.6,-0.0,0.0) 7:(17.7,30.7,0.0) 8:(-9.0,34.3,-27.9) 9:(-35.6,0.0,0.0) 10:(9.0,-34.3,-27.9) 11:(-25.1,-24.9,27.9) 12:(-9.0,34.3,27.9) 13:(-25.1,-24.9,-27.9) 14:(34.2,-9.3,-27.9) 15:(-17.7,-30.7,0.0) 16:(-17.7,30.7,0.0) 17:(17.7,-30.7,0.0) 18:(25.1,24.9,27.9) 19:(-34.2,9.3,27.9) 20:(-34.2,9.3,-27.9) 21:(25.1,24.9,-27.9) 22:(9.0,-34.3,27.9) 23:(34.2,-9.3,27.9)
mode=1 n=24 points=0:(35.6,0.0,0.0) 1:(-35.6,0.0,0.0) 2:(0.0,35.6,0.0) 3:(0.0,-35.6,0.0) 4:(0.0,0.0,27.9) 5:(0.0,0.0,-27.9) 6:(-20.6,-24.9,10.3) 7:(25.1,-24.5,0.5) 8:(7.4,23.5,-19.4) 9:(20.9,26.5,6.9) 10:(-8.1,-22.1,-20.3) 11:(-23.5,-4.5,20.1) 12:(0.4,24.5,19.7) 13:(-25.5,-0.3,-18.9) 14:(14.2,-24.4,-16.0) 15:(-24.9,24.6,-1.3) 16:(26.8,18.7,-9.6) 17:(-25.5,-22.2,-6.9) 18:(23.2,8.1,19.5) 19:(-21.9,17.9,15.8) 20:(-15.0,21.5,-18.0) 21:(24.2,-2.6,-19.8) 22:(0.9,-24.7,19.5) 23:(22.6,-14.6,17.3)
mode=1 n=24 points=0:(35.6,0.0,0.0) 1:(-35.6,0.0,0.0) 2:(0.0,35.6,0.0) 3:(0.0,-35.6,0.0) 4:(0.0,0.0,27.9) 5:(0.0,0.0,-27.9) 6:(-20.5,-24.8,10.3) 7:(25.1,-24.5,0.5) 8:(7.3,23.5,-19.4) 9:(20.9,26.5,6.9) 10:(-8.0,-22.0,-20.2) 11:(-23.4,-4.5,20.0) 12:(0.4,24.4,19.6) 13:(-25.5,-0.3,-18.8) 14:(14.1,-24.4,-16.0) 15:(-24.9,24.6,-1.3) 16:(26.8,18.7,-9.6) 17:(-25.5,-22.2,-6.9) 18:(23.2,8.0,19.5) 19:(-21.9,17.9,15.8) 20:(-14.9,21.5,-17.9) 21:(24.1,-2.6,-19.8) 22:(0.9,-24.7,19.5) 23:(22.6,-14.6,17.3)
mode=2 n=24 points=0:(35.6,0.0,0.0) 1:(-35.6,0.0,0.0) 2:(0.0,35.6,0.0) 3:(0.0,-35.6,0.0) 4:(0.7,0.0,27.9) 5:(0.7,0.0,-27.9) 6:(35.6,-0.0,0.0) 7:(17.6,30.5,0.0) 8:(-8.8,34.3,-27.9) 9:(-35.6,0.0,0.0) 10:(8.8,-34.3,-27.9) 11:(-25.1,-24.6,27.9) 12:(-8.8,34.3,27.9) 13:(-25.1,-24.6,-27.9) 14:(34.1,-9.5,-27.9) 15:(-17.6,-30.5,0.0) 16:(-17.6,30.5,0.0) 17:(17.6,-30.5,0.0) 18:(25.1,24.6,27.9) 19:(-34.1,9.5,27.9) 20:(-34.1,9.5,-27.9) 21:(25.1,24.6,-27.9) 22:(8.8,-34.3,27.9) 23:(34.1,-9.5,27.9)
mode=3 n=24 points=0:(58.5,0.0,0.0) 1:(-58.5,1.4,0.0) 2:(1.3,58.5,0.0) 3:(1.3,-58.5,0.0) 4:(1.3,0.0,33.6) 5:(1.3,0.0,-33.6) 6:(58.2,-52.0,0.0) 7:(58.5,39.2,0.0) 8:(56.5,56.5,-33.6) 9:(-58.2,52.0,0.0) 10:(-56.5,-56.5,-33.6) 11:(-56.5,-56.5,33.6) 12:(-58.5,28.3,0.0) 13:(-33.8,-58.5,0.0) 14:(56.5,-56.5,-33.6) 15:(-58.5,-39.2,0.0) 16:(-32.0,58.5,0.0) 17:(31.7,-58.5,0.0) 18:(56.5,56.5,33.6) 19:(-56.5,56.5,33.6) 20:(-56.5,56.5,-33.6) 21:(33.7,58.5,0.0) 22:(58.5,-28.3,0.0) 23:(56.5,-56.5,33.6)
mode=1 n=24 points=0:(49.6,0.0,0.0) 1:(-49.6,0.0,0.0) 2:(0.0,49.6,0.0) 3:(0.0,-49.6,0.0) 4:(0.0,0.0,28.0) 5:(0.0,0.0,-28.0) 6:(-28.6,-34.6,10.3) 7:(34.9,-34.1,0.5) 8:(10.2,32.7,-19.5) 9:(29.1,36.9,6.9) 10:(-11.2,-30.7,-20.3) 11:(-32.6,-6.2,20.1) 12:(0.5,34.0,19.7) 13:(-35.5,-0.4,-18.9) 14:(19.7,-34.0,-16.0) 15:(-34.6,34.3,-1.3) 16:(37.3,26.0,-9.6) 17:(-35.5,-30.9,-6.9) 18:(32.2,11.2,19.5) 19:(-30.5,24.9,15.8) 20:(-20.8,29.9,-18.0) 21:(33.6,-3.6,-19.8) 22:(1.2,-34.4,19.5) 23:(31.4,-20.3,17.3)
mode=1 n=24 points=0:(38.6,0.0,0.0) 1:(-38.6,0.0,0.0) 2:(0.0,38.6,0.0) 3:(0.0,-38.6,0.0) 4:(0.0,0.0,23.3) 5:(0.0,0.0,-23.3) 6:(-21.9,-26.7,8.3) 7:(27.0,-26.3,0.3) 8:(7.6,25.2,-16.0) 9:(22.4,28.6,5.5) 10:(-8.4,-23.6,-16.8) 11:(-25.1,-4.6,16.6) 12:(0.4,26.3,16.3) 13:(-27.4,-0.3,-15.6) 14:(14.9,-26.2,-13.1) 15:(-26.7,26.4,-1.0) 16:(28.8,19.9,-7.7) 17:(-27.4,-23.8,-5.5) 18:(24.8,8.3,16.1) 19:(-23.5,19.1,13.0) 20:(-15.8,23.0,-14.8) 21:(25.9,-2.6,-16.4) 22:(0.9,-26.5,16.1) 23:(24.2,-15.4,14.2)
mode=1 n=24 points=0:(67.3,0.0,0.0) 1:(-67.3,0.0,0.0) 2:(0.0,67.3,0.0) 3:(0.0,-67.3,0.0) 4:(0.0,0.0,27.4) 5:(0.0,0.0,-27.4) 6:(-39.1,-47.2,10.2) 7:(47.6,-46.4,0.5) 8:(14.1,44.7,-19.1) 9:(39.8,50.3,6.9) 10:(-15.4,-41.9,-20.0) 11:(-44.5,-8.6,19.8) 12:(0.8,46.4,19.4) 13:(-48.4,-0.6,-18.6) 14:(27.0,-46.3,-15.8) 15:(-47.2,46.7,-1.3) 16:(50.8,35.6,-9.5) 17:(-48.3,-42.2,-6.8) 18:(44.0,15.4,19.2) 19:(-41.7,34.1,15.6) 20:(-28.5,40.8,-17.7) 21:(45.8,-5.0,-19.5) 22:(1.8,-46.9,19.2) 23:(42.9,-27.8,17.1)
mode=2 n=24 points=0:(36.5,0.0,0.0) 1:(-36.5,0.0,0.0) 2:(0.0,36.5,0.0) 3:(0.0,-36.5,0.0) 4:(0.8,0.0,20.3) 5:(0.8,0.0,-20.3) 6:(36.5,-0.0,0.0) 7:(18.1,31.4,0.0) 8:(-9.0,35.2,-20.3) 9:(-36.5,0.0,0.0) 10:(9.0,-35.2,-20.3) 11:(-25.8,-25.3,20.3) 12:(-9.0,35.2,20.3) 13:(-25.8,-25.3,-20.3) 14:(35.0,-9.7,-20.3) 15:(-18.1,-31.4,0.0) 16:(-18.1,31.4,0.0) 17:(18.1,-31.4,0.0) 18:(25.8,25.3,20.3) 19:(-35.0,9.7,20.3) 20:(-35.0,9.7,-20.3) 21:(25.8,25.3,-20.3) 22:(9.0,-35.2,20.3) 23:(35.0,-9.7,20.3)
mode=1 n=24 points=0:(32.5,0.0,0.0) 1:(-32.5,0.0,0.0) 2:(0.0,32.5,0.0) 3:(0.0,-32.5,0.0) 4:(0.0,0.0,25.1) 5:(0.0,0.0,-25.1) 6:(-19.2,-23.0,9.7) 7:(23.2,-22.7,0.5) 8:(7.2,21.9,-17.7) 9:(19.5,24.5,6.6) 10:(-7.8,-20.6,-18.5) 11:(-21.8,-4.5,18.3) 12:(0.4,22.7,18.0) 13:(-23.6,-0.4,-17.3) 14:(13.4,-22.6,-14.7) 15:(-23.1,22.8,-1.4) 16:(24.7,17.5,-9.0) 17:(-23.6,-20.7,-6.6) 18:(21.5,7.8,17.8) 19:(-20.4,16.9,14.6) 20:(-14.2,20.0,-16.5) 21:(22.4,-2.6,-18.1) 22:(1.0,-22.9,17.8) 23:(21.0,-13.8,15.9)
mode=3 n=24 points=0:(32.5,0.0,0.0) 1:(-32.5,0.9,0.0) 2:(0.8,32.5,0.0) 3:(0.8,-32.5,0.0) 4:(0.8,0.0,25.1) 5:(0.8,0.0,-25.1) 6:(32.3,-29.0,0.0) 7:(32.5,21.6,0.0) 8:(31.4,31.4,-25.1) 9:(-32.3,29.0,0.0) 10:(-31.4,-31.4,-25.1) 11:(-31.4,-31.4,25.1) 12:(-32.5,16.1,0.0) 13:(-19.1,-32.5,0.0) 14:(31.4,-31.4,-25.1) 15:(-32.5,-21.6,0.0) 16:(-18.1,32.5,0.0) 17:(17.9,-32.5,0.0) 18:(31.4,31.4,25.1) 19:(-31.4,31.4,25.1) 20:(-31.4,31.4,-25.1) 21:(19.1,32.5,0.0) 22:(32.5,-16.1,0.0) 23:(31.4,-31.4,25.1)
mode=1 n=24 points=0:(32.5,0.0,0.0) 1:(-32.5,0.0,0.0) 2:(0.0,32.5,0.0) 3:(0.0,-32.5,0.0) 4:(0.0,0.0,25.1) 5:(0.0,0.0,-25.1) 6:(-19.2,-23.1,9.7) 7:(23.3,-22.7,0.5) 8:(7.2,21.9,-17.8) 9:(19.6,24.5,6.6) 10:(-7.9,-20.6,-18.5) 11:(-21.8,-4.5,18.3) 12:(0.4,22.7,18.0) 13:(-23.6,-0.4,-17.3) 14:(13.5,-22.7,-14.8) 15:(-23.1,22.9,-1.4) 16:(24.8,17.6,-9.1) 17:(-23.6,-20.7,-6.6) 18:(21.6,7.9,17.8) 19:(-20.5,16.9,14.6) 20:(-14.2,20.1,-16.5) 21:(22.4,-2.7,-18.1) 22:(1.0,-22.9,17.8) 23:(21.1,-13.9,15.9)
mode=1 n=24 points=0:(51.4,0.0,0.0) 1:(-51.4,0.0,0.0) 2:(0.0,51.4,0.0) 3:(0.0,-51.4,0.0) 4:(0.0,0.0,37.5) 5:(0.0,0.0,-37.5) 6:(-30.5,-36.5,14.5) 7:(36.9,-36.0,0.7) 8:(11.5,34.7,-26.5) 9:(31.0,38.9,9.9) 10:(-12.5,-32.6,-27.7) 11:(-34.5,-7.2,27.4) 12:(0.7,36.0,26.9) 13:(-37.4,-0.6,-25.8) 14:(21.4,-35.9,-22.1) 15:(-36.6,36.2,-2.1) 16:(39.2,27.9,-13.6) 17:(-37.4,-32.8,-9.9) 18:(34.2,12.5,26.6) 19:(-32.4,26.8,21.8) 20:(-22.5,31.8,-24.7) 21:(35.5,-4.3,-27.0) 22:(1.6,-36.3,26.6) 23:(33.4,-22.0,23.8)
mode=3 n=24 points=0:(57.5,0.0,0.0) 1:(-57.5,1.5,0.0) 2:(1.4,57.5,0.0) 3:(1.4,-57.5,0.0) 4:(1.4,0.0,37.4) 5:(1.4,0.0,-37.4) 6:(57.2,-51.2,0.0) 7:(57.5,38.4,0.0) 8:(55.5,55.5,-37.4) 9:(-57.2,51.2,0.0) 10:(-55.5,-55.5,-37.4) 11:(-55.5,-55.5,37.4) 12:(-57.5,28.2,0.0) 13:(-33.5,-57.5,0.0) 14:(55.5,-55.5,-37.4) 15:(-57.5,-38.4,0.0) 16:(-31.8,57.5,0.0) 17:(31.5,-57.5,0.0) 18:(55.5,55.5,37.4) 19:(-55.5,55.5,37.4) 20:(-55.5,55.5,-37.4) 21:(33.5,57.5,0.0) 22:(57.5,-28.2,0.0) 23:(55.5,-55.5,37.4)
mode=3 n=24 points=0:(64.9,0.0,0.0) 1:(-64.9,1.6,0.0) 2:(1.5,64.9,0.0) 3:(1.5,-64.9,0.0) 4:(1.5,0.0,26.5) 5:(1.5,0.0,-26.5) 6:(64.6,-57.7,0.0) 7:(64.9,43.4,0.0) 8:(62.7,62.7,-26.5) 9:(-64.6,57.7,0.0) 10:(-62.7,-62.7,-26.5) 11:(-62.7,-62.7,26.5) 12:(-64.9,31.7,0.0) 13:(-37.7,-64.9,0.0) 14:(62.7,-62.7,-26.5) 15:(-64.9,-43.4,0.0) 16:(-35.7,64.9,0.0) 17:(35.4,-64.9,0.0) 18:(62.7,62.7,26.5) 19:(-62.7,62.7,26.5) 20:(-62.7,62.7,-26.5) 21:(37.7,64.9,0.0) 22:(64.9,-31.7,0.0) 23:(62.7,-62.7,26.5)
mode=1 n=24 points=0:(64.9,0.0,0.0) 1:(-64.9,0.0,0.0) 2:(0.0,64.9,0.0) 3:(0.0,-64.9,0.0) 4:(0.0,0.0,26.5) 5:(0.0,0.0,-26.5) 6:(-38.3,-46.0,10.2) 7:(46.4,-45.3,0.5) 8:(14.2,43.6,-18.7) 9:(39.0,48.9,6.9) 10:(-15.5,-41.0,-19.5) 11:(-43.4,-8.8,19.3) 12:(0.8,45.3,18.9) 13:(-47.1,-0.7,-18.2) 14:(26.7,-45.2,-15.5) 15:(-46.0,45.5,-1.4) 16:(49.4,34.9,-9.5) 17:(-47.1,-41.2,-6.9) 18:(43.0,15.5,18.8) 19:(-40.7,33.6,15.3) 20:(-28.2,39.9,-17.4) 21:(44.7,-5.2,-19.1) 22:(1.9,-45.7,18.8) 23:(41.9,-27.5,16.7)
mode=3 n=24 points=0:(64.9,0.0,0.0) 1:(-64.9,1.6,0.0) 2:(1.5,64.9,0.0) 3:(1.5,-64.9,0.0) 4:(1.5,0.0,26.5) 5:(1.5,0.0,-26.5) 6:(64.6,-57.6,0.0) 7:(64.9,43.4,0.0) 8:(62.7,62.7,-26.5) 9:(-64.6,57.6,0.0) 10:(-62.7,-62.7,-26.5) 11:(-62.7,-62.7,26.5) 12:(-64.9,31.4,0.0) 13:(-37.5,-64.9,0.0) 14:(62.7,-62.7,-26.5) 15:(-64.9,-43.4,0.0) 16:(-35.5,64.9,0.0) 17:(35.1,-64.9,0.0) 18:(62.7,62.7,26.5) 19:(-62.7,62.7,26.5) 20:(-62.7,62.7,-26.5) 21:(37.4,64.9,0.0) 22:(64.9,-31.4,0.0) 23:(62.7,-62.7,26.5)
mode=3 n=24 points=0:(64.9,0.0,0.0) 1:(-64.9,1.6,0.0) 2:(1.4,64.9,0.0) 3:(1.4,-64.9,0.0) 4:(1.4,0.0,26.5) 5:(1.4,0.0,-26.5) 6:(64.6,-57.6,0.0) 7:(64.9,43.5,0.0) 8:(62.7,62.7,-26.5) 9:(-64.6,57.6,0.0) 10:(-62.7,-62.7,-26.5) 11:(-62.7,-62.7,26.5) 12:(-64.9,31.4,0.0) 13:(-37.4,-64.9,0.0) 14:(62.7,-62.7,-26.5) 15:(-64.9,-43.5,0.0) 16:(-35.4,64.9,0.0) 17:(35.1,-64.9,0.0) 18:(62.7,62.7,26.5) 19:(-62.7,62.7,26.5) 20:(-62.7,62.7,-26.5) 21:(37.4,64.9,0.0) 22:(64.9,-31.3,0.0) 23:(62.7,-62.7,26.5)
mode=3 n=24 points=0:(64.9,0.0,0.0) 1:(-64.9,1.6,0.0) 2:(1.5,64.9,0.0) 3:(1.5,-64.9,0.0) 4:(1.5,0.0,26.5) 5:(1.5,0.0,-26.5) 6:(64.6,-57.6,0.0) 7:(64.9,43.4,0.0) 8:(62.7,62.7,-26.5) 9:(-64.6,57.6,0.0) 10:(-62.7,-62.7,-26.5) 11:(-62.7,-62.7,26.5) 12:(-64.9,31.5,0.0) 13:(-37.5,-64.9,0.0) 14:(62.7,-62.7,-26.5) 15:(-64.9,-43.4,0.0) 16:(-35.5,64.9,0.0) 17:(35.2,-64.9,0.0) 18:(62.7,62.7,26.5) 19:(-62.7,62.7,26.5) 20:(-62.7,62.7,-26.5) 21:(37.5,64.9,0.0) 22:(64.9,-31.4,0.0) 23:(62.7,-62.7,26.5)
mode=1 n=24 points=0:(64.9,0.0,0.0) 1:(-64.9,0.0,0.0) 2:(0.0,64.9,0.0) 3:(0.0,-64.9,0.0) 4:(0.0,0.0,26.5) 5:(0.0,0.0,-26.5) 6:(-38.2,-45.9,10.1) 7:(46.3,-45.2,0.5) 8:(14.1,43.5,-18.7) 9:(38.9,48.9,6.9) 10:(-15.4,-40.9,-19.5) 11:(-43.4,-8.8,19.3) 12:(0.8,45.2,18.9) 13:(-47.0,-0.7,-18.2) 14:(26.6,-45.1,-15.5) 15:(-45.9,45.5,-1.4) 16:(49.3,34.8,-9.4) 17:(-47.0,-41.1,-6.9) 18:(42.9,15.4,18.7) 19:(-40.7,33.5,15.3) 20:(-28.1,39.8,-17.3) 21:(44.6,-5.1,-19.0) 22:(1.9,-45.6,18.7) 23:(41.8,-27.4,16.7)
mode=3 n=24 points=0:(64.9,0.0,0.0) 1:(-64.9,1.8,0.0) 2:(1.7,64.9,0.0) 3:(1.7,-64.9,0.0) 4:(1.7,0.0,26.5) 5:(1.7,0.0,-26.5) 6:(64.6,-57.9,0.0) 7:(64.9,43.3,0.0) 8:(62.8,62.8,-26.5) 9:(-64.6,57.9,0.0) 10:(-62.8,-62.8,-26.5) 11:(-62.8,-62.8,26.5) 12:(-64.9,32.2,0.0) 13:(-38.2,-64.9,0.0) 14:(62.8,-62.8,-26.5) 15:(-64.9,-43.3,0.0) 16:(-36.2,64.9,0.0) 17:(35.8,-64.9,0.0) 18:(62.8,62.8,26.5) 19:(-62.8,62.8,26.5) 20:(-62.8,62.8,-26.5) 21:(38.1,64.9,0.0) 22:(64.9,-32.1,0.0) 23:(62.8,-62.8,26.5)
mode=4 n=24 points=0:(64.9,0.0,0.0) 1:(-64.9,1.8,0.0) 2:(1.7,64.9,0.0) 3:(1.7,-64.9,0.0) 4:(0.0,0.0,26.5) 5:(0.0,0.0,-26.5) 6:(-34.2,-56.7,13.3) 7:(64.9,30.0,0.0) 8:(34.2,56.7,-13.3) 9:(34.2,56.7,13.3) 10:(-34.2,-56.7,-13.3) 11:(-56.7,-33.8,13.3) 12:(-33.7,56.7,13.3) 13:(-56.7,-33.8,-13.3) 14:(33.7,-56.7,-13.3) 15:(-64.9,-32.0,0.0) 16:(56.7,33.8,-13.3) 17:(-33.7,56.7,-13.3) 18:(56.7,33.8,13.3) 19:(-56.7,34.1,13.3) 20:(-56.7,34.1,-13.3) 21:(56.7,-34.1,-13.3) 22:(33.7,-56.7,13.3) 23:(56.7,-34.1,13.3)
mode=4 n=24 points=0:(64.9,0.0,0.0) 1:(-64.9,1.8,0.0) 2:(1.7,64.9,0.0) 3:(1.7,-64.9,0.0) 4:(0.0,0.0,26.5) 5:(0.0,0.0,-26.5) 6:(-34.2,-56.8,13.3) 7:(64.9,30.0,0.0) 8:(34.2,56.8,-13.3) 9:(34.2,56.8,13.3) 10:(-34.2,-56.8,-13.3) 11:(-56.8,-33.8,13.3) 12:(-33.7,56.8,13.3) 13:(-56.8,-33.8,-13.3) 14:(33.7,-56.8,-13.3) 15:(-64.9,-32.1,0.0) 16:(56.8,33.8,-13.3) 17:(-33.7,56.8,-13.3) 18:(56.8,33.8,13.3) 19:(-56.8,34.1,13.3) 20:(-56.8,34.1,-13.3) 21:(56.8,-34.1,-13.3) 22:(33.7,-56.8,13.3) 23:(56.8,-34.1,13.3)
mode=1 n=24 points=0:(64.9,0.0,0.0) 1:(-64.9,0.0,0.0) 2:(0.0,64.9,0.0) 3:(0.0,-64.9,0.0) 4:(0.0,0.0,26.5) 5:(0.0,0.0,-26.5) 6:(-37.9,-45.7,10.0) 7:(46.1,-44.9,0.5) 8:(13.8,43.2,-18.6) 9:(38.6,48.7,6.7) 10:(-15.1,-40.6,-19.4) 11:(-43.1,-8.5,19.2) 12:(0.8,44.9,18.8) 13:(-46.8,-0.6,-18.1) 14:(26.2,-44.8,-15.3) 15:(-45.7,45.2,-1.3) 16:(49.1,34.5,-9.3) 17:(-46.8,-40.8,-6.7) 18:(42.6,15.1,18.6) 19:(-40.4,33.1,15.2) 20:(-27.7,39.5,-17.2) 21:(44.4,-4.9,-18.9) 22:(1.8,-45.4,18.6) 23:(41.5,-27.0,16.6)
mode=4 n=24 points=0:(64.9,0.0,0.0) 1:(-64.9,1.8,0.0) 2:(1.7,64.9,0.0) 3:(1.7,-64.9,0.0) 4:(0.0,0.0,26.5) 5:(0.0,0.0,-26.5) 6:(-34.3,-56.8,13.3) 7:(64.9,30.1,0.0) 8:(34.3,56.8,-13.3) 9:(34.3,56.8,13.3) 10:(-34.3,-56.8,-13.3) 11:(-56.8,-33.9,13.3) 12:(-33.8,56.8,13.3) 13:(-56.8,-33.9,-13.3) 14:(33.8,-56.8,-13.3) 15:(-64.9,-32.1,0.0) 16:(56.8,33.9,-13.3) 17:(-33.8,56.8,-13.3) 18:(56.8,33.9,13.3) 19:(-56.8,34.2,13.3) 20:(-56.8,34.2,-13.3) 21:(56.8,-34.2,-13.3) 22:(33.8,-56.8,13.3) 23:(56.8,-34.2,13.3)
mode=4 n=24 points=0:(64.9,0.0,0.0) 1:(-64.9,1.8,0.0) 2:(1.7,64.9,0.0) 3:(1.7,-64.9,0.0) 4:(0.0,0.0,26.5) 5:(0.0,0.0,-26.5) 6:(-34.2,-56.8,13.3) 7:(64.9,30.0,0.0) 8:(34.2,56.8,-13.3) 9:(34.2,56.8,13.3) 10:(-34.2,-56.8,-13.3) 11:(-56.8,-33.9,13.3) 12:(-33.8,56.8,13.3) 13:(-56.8,-33.9,-13.3) 14:(33.8,-56.8,-13.3) 15:(-64.9,-32.1,0.0) 16:(56.8,33.9,-13.3) 17:(-33.8,56.8,-13.3) 18:(56.8,33.9,13.3) 19:(-56.8,34.2,13.3) 20:(-56.8,34.2,-13.3) 21:(56.8,-34.2,-13.3) 22:(33.8,-56.8,13.3) 23:(56.8,-34.2,13.3)
mode=4 n=24 points=0:(64.9,0.0,0.0) 1:(-64.9,1.8,0.0) 2:(1.7,64.9,0.0) 3:(1.7,-64.9,0.0) 4:(0.0,0.0,26.5) 5:(0.0,0.0,-26.5) 6:(-34.2,-56.7,13.3) 7:(64.9,30.0,0.0) 8:(34.2,56.7,-13.3) 9:(34.2,56.7,13.3) 10:(-34.2,-56.7,-13.3) 11:(-56.7,-33.8,13.3) 12:(-33.7,56.7,13.3) 13:(-56.7,-33.8,-13.3) 14:(33.7,-56.7,-13.3) 15:(-64.9,-32.0,0.0) 16:(56.7,33.8,-13.3) 17:(-33.7,56.7,-13.3) 18:(56.7,33.8,13.3) 19:(-56.7,34.1,13.3) 20:(-56.7,34.1,-13.3) 21:(56.7,-34.1,-13.3) 22:(33.7,-56.7,13.3) 23:(56.7,-34.1,13.3)
mode=4 n=24 points=0:(31.9,0.0,0.0) 1:(-31.9,0.9,0.0) 2:(0.8,31.9,0.0) 3:(0.8,-31.9,0.0) 4:(0.0,0.0,31.9) 5:(0.0,0.0,-31.9) 6:(-16.8,-27.9,15.9) 7:(31.9,14.7,0.0) 8:(16.8,27.9,-15.9) 9:(16.8,27.9,15.9) 10:(-16.8,-27.9,-15.9) 11:(-27.9,-16.6,15.9) 12:(-16.6,27.9,15.9) 13:(-27.9,-16.6,-15.9) 14:(16.6,-27.9,-15.9) 15:(-31.9,-15.7,0.0) 16:(27.9,16.6,-15.9) 17:(-16.6,27.9,-15.9) 18:(27.9,16.6,15.9) 19:(-27.9,16.7,15.9) 20:(-27.9,16.7,-15.9) 21:(27.9,-16.8,-15.9) 22:(16.6,-27.9,15.9) 23:(27.9,-16.8,15.9)
mode=1 n=24 points=0:(31.9,0.0,0.0) 1:(-31.9,0.0,0.0) 2:(0.0,31.9,0.0) 3:(0.0,-31.9,0.0) 4:(0.0,0.0,31.9) 5:(0.0,0.0,-31.9) 6:(-19.2,-22.9,12.8) 7:(23.1,-22.6,0.7) 8:(7.5,21.8,-22.8) 9:(19.6,24.3,8.8) 10:(-8.1,-20.5,-23.8) 11:(-21.7,-4.8,23.6) 12:(0.5,22.6,23.1) 13:(-23.5,-0.4,-22.3) 14:(13.7,-22.5,-19.1) 15:(-22.9,22.7,-1.9) 16:(24.5,17.6,-11.9) 17:(-23.4,-20.7,-8.8) 18:(21.5,8.1,22.9) 19:(-20.4,17.0,18.9) 20:(-14.4,20.0,-21.3) 21:(22.3,-2.9,-23.3) 22:(1.1,-22.8,22.9) 23:(21.0,-14.1,20.6)
mode=4 n=24 points=0:(31.9,0.0,0.0) 1:(-31.9,1.0,0.0) 2:(0.9,31.9,0.0) 3:(0.9,-31.9,0.0) 4:(0.0,0.0,31.9) 5:(0.0,0.0,-31.9) 6:(-17.1,-28.1,15.9) 7:(31.9,15.1,0.0) 8:(17.1,28.1,-15.9) 9:(17.1,28.1,15.9) 10:(-17.1,-28.1,-15.9) 11:(-28.1,-17.0,15.9) 12:(-16.9,28.1,15.9) 13:(-28.1,-17.0,-15.9) 14:(16.9,-28.1,-15.9) 15:(-31.9,-16.1,0.0) 16:(28.1,17.0,-15.9) 17:(-16.9,28.1,-15.9) 18:(28.1,17.0,15.9) 19:(-28.1,17.1,15.9) 20:(-28.1,17.1,-15.9) 21:(28.1,-17.1,-15.9) 22:(16.9,-28.1,15.9) 23:(28.1,-17.1,15.9)
mode=4 n=24 points=0:(31.9,0.0,0.0) 1:(-31.9,1.0,0.0) 2:(0.9,31.9,0.0) 3:(0.9,-31.9,0.0) 4:(0.0,0.0,31.9) 5:(0.0,0.0,-31.9) 6:(-17.1,-28.1,15.9) 7:(31.9,15.1,0.0) 8:(17.1,28.1,-15.9) 9:(17.1,28.1,15.9) 10:(-17.1,-28.1,-15.9) 11:(-28.1,-17.0,15.9) 12:(-16.9,28.1,15.9) 13:(-28.1,-17.0,-15.9) 14:(16.9,-28.1,-15.9) 15:(-31.9,-16.1,0.0) 16:(28.1,17.0,-15.9) 17:(-16.9,28.1,-15.9) 18:(28.1,17.0,15.9) 19:(-28.1,17.1,15.9) 20:(-28.1,17.1,-15.9) 21:(28.1,-17.1,-15.9) 22:(16.9,-28.1,15.9) 23:(28.1,-17.1,15.9)
mode=1 n=24 points=0:(71.8,0.0,0.0) 1:(-71.8,0.0,0.0) 2:(0.0,71.8,0.0) 3:(0.0,-71.8,0.0) 4:(0.0,0.0,15.6) 5:(0.0,0.0,-15.6) 6:(-42.4,-50.9,6.0) 7:(51.4,-50.1,0.3) 8:(15.8,48.3,-11.0) 9:(43.2,54.2,4.1) 10:(-17.3,-45.4,-11.4) 11:(-48.1,-9.9,11.3) 12:(0.9,50.1,11.1) 13:(-52.1,-0.8,-10.7) 14:(29.7,-50.0,-9.1) 15:(-50.9,50.4,-0.8) 16:(54.7,38.7,-5.6) 17:(-52.1,-45.7,-4.1) 18:(47.6,17.2,11.0) 19:(-45.1,37.2,9.0) 20:(-31.3,44.2,-10.2) 21:(49.5,-5.8,-11.2) 22:(2.1,-50.6,11.0) 23:(46.4,-30.5,9.8)
mode=1 n=24 points=0:(33.5,0.0,0.0) 1:(-33.5,0.0,0.0) 2:(0.0,33.5,0.0) 3:(0.0,-33.5,0.0) 4:(0.0,0.0,29.1) 5:(0.0,0.0,-29.1) 6:(-19.9,-23.8,11.3) 7:(24.0,-23.4,0.6) 8:(7.5,22.6,-20.7) 9:(20.2,25.3,7.7) 10:(-8.2,-21.3,-21.5) 11:(-22.5,-4.7,21.3) 12:(0.5,23.4,20.9) 13:(-24.4,-0.4,-20.1) 14:(13.9,-23.4,-17.2) 15:(-23.8,23.6,-1.6) 16:(25.5,18.2,-10.6) 17:(-24.4,-21.4,-7.7) 18:(22.3,8.2,20.7) 19:(-21.1,17.5,17.0) 20:(-14.7,20.7,-19.2) 21:(23.2,-2.8,-21.0) 22:(1.0,-23.7,20.7) 23:(21.7,-14.4,18.5)
mode=1 n=24 points=0:(33.2,0.0,0.0) 1:(-33.2,0.0,0.0) 2:(0.0,33.2,0.0) 3:(0.0,-33.2,0.0) 4:(0.0,0.0,29.2) 5:(0.0,0.0,-29.2) 6:(-19.8,-23.7,11.4) 7:(23.9,-23.3,0.6) 8:(7.5,22.5,-20.7) 9:(20.1,25.2,7.8) 10:(-8.2,-21.2,-21.6) 11:(-22.4,-4.7,21.4) 12:(0.5,23.3,21.0) 13:(-24.3,-0.4,-20.2) 14:(13.9,-23.3,-17.3) 15:(-23.7,23.5,-1.6) 16:(25.4,18.1,-10.7) 17:(-24.2,-21.3,-7.8) 18:(22.2,8.2,20.8) 19:(-21.1,17.4,17.1) 20:(-14.7,20.6,-19.3) 21:(23.0,-2.8,-21.1) 22:(1.0,-23.5,20.8) 23:(21.6,-14.3,18.6)
mode=5 n=24 points=0:(33.2,0.0,0.0) 1:(-33.2,0.0,0.0) 2:(0.0,33.2,0.0) 3:(0.0,-33.2,0.0) 4:(0.0,0.0,29.2) 5:(0.0,0.0,-29.2) 6:(-7.3,-15.3,14.6) 7:(12.7,-30.8,0.0) 8:(-0.0,16.9,-14.6) 9:(30.8,12.7,0.0) 10:(-7.3,-15.3,-14.6) 11:(-16.5,-3.8,14.6) 12:(-0.0,16.9,14.6) 13:(-16.5,-3.8,-14.6) 14:(7.4,-15.3,-14.6) 15:(-12.7,30.8,0.0) 16:(13.2,10.6,-14.6) 17:(-30.8,-12.7,0.0) 18:(13.2,10.6,14.6) 19:(-13.3,10.6,14.6) 20:(-13.3,10.6,-14.6) 21:(16.5,-3.8,-14.6) 22:(7.4,-15.3,14.6) 23:(16.5,-3.8,14.6)
mode=5 n=24 points=0:(33.2,0.0,0.0) 1:(-33.2,0.0,0.0) 2:(0.0,33.2,0.0) 3:(0.0,-33.2,0.0) 4:(0.0,0.0,29.2) 5:(0.0,0.0,-29.2) 6:(-7.4,-15.5,14.6) 7:(12.6,-30.9,0.0) 8:(-0.0,17.1,-14.6) 9:(30.9,12.6,0.0) 10:(-7.4,-15.5,-14.6) 11:(-16.7,-3.9,14.6) 12:(-0.0,17.1,14.6) 13:(-16.7,-3.9,-14.6) 14:(7.5,-15.5,-14.6) 15:(-12.6,30.9,0.0) 16:(13.4,10.8,-14.6) 17:(-30.9,-12.6,0.0) 18:(13.4,10.8,14.6) 19:(-13.5,10.7,14.6) 20:(-13.5,10.7,-14.6) 21:(16.7,-3.8,-14.6) 22:(7.5,-15.5,14.6) 23:(16.7,-3.8,14.6)
mode=2 n=24 points=0:(33.2,0.0,0.0) 1:(-33.2,0.0,0.0) 2:(0.0,33.2,0.0) 3:(0.0,-33.2,0.0) 4:(0.9,0.0,29.2) 5:(0.9,0.0,-29.2) 6:(33.2,0.0,0.0) 7:(16.8,29.1,0.0) 8:(-9.0,32.1,-29.2) 9:(-33.2,-0.0,0.0) 10:(9.0,-32.1,-29.2) 11:(-23.5,-24.0,29.2) 12:(-9.0,32.1,29.2) 13:(-23.5,-24.0,-29.2) 14:(32.3,-8.3,-29.2) 15:(-16.8,-29.1,0.0) 16:(-16.8,29.1,0.0) 17:(16.8,-29.1,0.0) 18:(23.5,24.0,29.2) 19:(-32.3,8.3,29.2) 20:(-32.3,8.3,-29.2) 21:(23.5,24.0,-29.2) 22:(9.0,-32.1,29.2) 23:(32.3,-8.3,29.2)
mode=2 n=24 points=0:(33.2,0.0,0.0) 1:(-33.2,0.0,0.0) 2:(0.0,33.2,0.0) 3:(0.0,-33.2,0.0) 4:(0.9,0.0,29.2) 5:(0.9,0.0,-29.2) 6:(33.2,0.0,0.0) 7:(16.8,29.0,0.0) 8:(-8.9,32.1,-29.2) 9:(-33.2,0.0,0.0) 10:(8.9,-32.1,-29.2) 11:(-23.5,-23.9,29.2) 12:(-8.9,32.1,29.2) 13:(-23.5,-23.9,-29.2) 14:(32.3,-8.4,-29.2) 15:(-16.8,-29.0,0.0) 16:(-16.8,29.0,0.0) 17:(16.8,-29.0,0.0) 18:(23.5,23.9,29.2) 19:(-32.3,8.4,29.2) 20:(-32.3,8.4,-29.2) 21:(23.5,23.9,-29.2) 22:(8.9,-32.1,29.2) 23:(32.3,-8.4,29.2)
mode=3 n=24 points=0:(33.2,0.0,0.0) 1:(-33.2,0.8,0.0) 2:(0.8,33.2,0.0) 3:(0.8,-33.2,0.0) 4:(0.8,0.0,29.2) 5:(0.8,0.0,-29.2) 6:(33.1,-29.6,0.0) 7:(33.2,22.2,0.0) 8:(32.1,32.1,-29.2) 9:(-33.1,29.6,0.0) 10:(-32.1,-32.1,-29.2) 11:(-32.1,-32.1,29.2) 12:(-33.2,16.3,0.0) 13:(-19.3,-33.2,0.0) 14:(32.1,-32.1,-29.2) 15:(-33.2,-22.2,0.0) 16:(-18.3,33.2,0.0) 17:(18.1,-33.2,0.0) 18:(32.1,32.1,29.2) 19:(-32.1,32.1,29.2) 20:(-32.1,32.1,-29.2) 21:(19.3,33.2,0.0) 22:(33.2,-16.2,0.0) 23:(32.1,-32.1,29.2)
mode=3 n=24 points=0:(33.2,0.0,0.0) 1:(-33.2,0.9,0.0) 2:(0.8,33.2,0.0) 3:(0.8,-33.2,0.0) 4:(0.8,0.0,29.2) 5:(0.8,0.0,-29.2) 6:(33.1,-29.6,0.0) 7:(33.2,22.2,0.0) 8:(32.1,32.1,-29.2) 9:(-33.1,29.6,0.0) 10:(-32.1,-32.1,-29.2) 11:(-32.1,-32.1,29.2) 12:(-33.2,16.3,0.0) 13:(-19.4,-33.2,0.0) 14:(32.1,-32.1,-29.2) 15:(-33.2,-22.2,0.0) 16:(-18.4,33.2,0.0) 17:(18.2,-33.2,0.0) 18:(32.1,32.1,29.2) 19:(-32.1,32.1,29.2) 20:(-32.1,32.1,-29.2) 21:(19.4,33.2,0.0) 22:(33.2,-16.3,0.0) 23:(32.1,-32.1,29.2)
mode=2 n=24 points=0:(33.2,0.0,0.0) 1:(-33.2,0.0,0.0) 2:(0.0,33.2,0.0) 3:(0.0,-33.2,0.0) 4:(0.8,0.0,29.2) 5:(0.8,0.0,-29.2) 6:(33.2,-0.0,0.0) 7:(16.6,28.8,0.0) 8:(-8.6,32.1,-29.2) 9:(-33.2,0.0,0.0) 10:(8.6,-32.1,-29.2) 11:(-23.5,-23.5,29.2) 12:(-8.6,32.1,29.2) 13:(-23.5,-23.5,-29.2) 14:(32.1,-8.6,-29.2) 15:(-16.6,-28.8,0.0) 16:(-16.6,28.8,0.0) 17:(16.6,-28.8,0.0) 18:(23.5,23.5,29.2) 19:(-32.1,8.6,29.2) 20:(-32.1,8.6,-29.2) 21:(23.5,23.5,-29.2) 22:(8.6,-32.1,29.2) 23:(32.1,-8.6,29.2)
mode=2 n=24 points=0:(33.2,0.0,0.0) 1:(-33.2,0.0,0.0) 2:(0.0,33.2,0.0) 3:(0.0,-33.2,0.0) 4:(0.9,0.0,29.2) 5:(0.9,0.0,-29.2) 6:(33.2,0.0,0.0) 7:(16.7,28.9,0.0) 8:(-8.8,32.1,-29.2) 9:(-33.2,0.0,0.0) 10:(8.8,-32.1,-29.2) 11:(-23.5,-23.8,29.2) 12:(-8.8,32.1,29.2) 13:(-23.5,-23.8,-29.2) 14:(32.2,-8.5,-29.2) 15:(-16.7,-28.9,0.0) 16:(-16.7,28.9,0.0) 17:(16.7,-28.9,0.0) 18:(23.5,23.8,29.2) 19:(-32.2,8.5,29.2) 20:(-32.2,8.5,-29.2) 21:(23.5,23.8,-29.2) 22:(8.8,-32.1,29.2) 23:(32.2,-8.5,29.2)
mode=3 n=24 points=0:(33.2,0.0,0.0) 1:(-33.2,0.9,0.0) 2:(0.9,33.2,0.0) 3:(0.9,-33.2,0.0) 4:(0.9,0.0,29.2) 5:(0.9,0.0,-29.2) 6:(33.1,-29.6,0.0) 7:(33.2,22.1,0.0) 8:(32.1,32.1,-29.2) 9:(-33.1,29.6,0.0) 10:(-32.1,-32.1,-29.2) 11:(-32.1,-32.1,29.2) 12:(-33.2,16.5,0.0) 13:(-19.5,-33.2,0.0) 14:(32.1,-32.1,-29.2) 15:(-33.2,-22.1,0.0) 16:(-18.5,33.2,0.0) 17:(18.3,-33.2,0.0) 18:(32.1,32.1,29.2) 19:(-32.1,32.1,29.2) 20:(-32.1,32.1,-29.2) 21:(19.5,33.2,0.0) 22:(33.2,-16.5,0.0) 23:(32.1,-32.1,29.2)
mode=4 n=24 points=0:(33.2,0.0,0.0) 1:(-33.2,1.0,0.0) 2:(0.9,33.2,0.0) 3:(0.9,-33.2,0.0) 4:(0.0,0.0,29.2) 5:(0.0,0.0,-29.2) 6:(-17.7,-29.2,14.6) 7:(33.2,15.5,0.0) 8:(-17.4,29.2,-14.6) 9:(17.7,29.2,14.6) 10:(-17.7,-29.2,-14.6) 11:(-29.2,-17.5,14.6) 12:(-17.4,29.2,14.6) 13:(-29.2,-17.5,-14.6) 14:(17.4,-29.2,-14.6) 15:(-33.2,-16.6,0.0) 16:(29.2,17.5,-14.6) 17:(17.7,29.2,-14.6) 18:(29.2,17.5,14.6) 19:(29.2,-17.6,14.6) 20:(-29.2,17.6,-14.6) 21:(29.2,-17.6,-14.6) 22:(17.4,-29.2,14.6) 23:(-29.2,17.6,14.6)
mode=2 n=24 points=0:(33.2,0.0,0.0) 1:(-33.2,0.0,0.0) 2:(0.0,33.2,0.0) 3:(0.0,-33.2,0.0) 4:(0.8,0.0,29.2) 5:(0.8,0.0,-29.2) 6:(33.2,0.0,0.0) 7:(16.6,28.8,0.0) 8:(-8.6,32.1,-29.2) 9:(-33.2,0.0,0.0) 10:(8.6,-32.1,-29.2) 11:(-23.5,-23.5,29.2) 12:(-8.6,32.1,29.2) 13:(-23.5,-23.5,-29.2) 14:(32.1,-8.6,-29.2) 15:(-16.6,-28.8,0.0) 16:(-16.6,28.8,0.0) 17:(16.6,-28.8,0.0) 18:(23.5,23.5,29.2) 19:(-32.1,8.6,29.2) 20:(-32.1,8.6,-29.2) 21:(23.5,23.5,-29.2) 22:(8.6,-32.1,29.2) 23:(32.1,-8.6,29.2)
mode=4 n=24 points=0:(33.2,0.0,0.0) 1:(-33.2,0.9,0.0) 2:(0.9,33.2,0.0) 3:(0.9,-33.2,0.0) 4:(0.0,0.0,29.2) 5:(0.0,0.0,-29.2) 6:(-17.4,-29.0,14.6) 7:(33.2,15.3,0.0) 8:(17.4,29.0,-14.6) 9:(17.4,29.0,14.6) 10:(-17.4,-29.0,-14.6) 11:(-29.0,-17.3,14.6) 12:(-17.2,29.0,14.6) 13:(-29.0,-17.3,-14.6) 14:(17.2,-29.0,-14.6) 15:(-33.2,-16.4,0.0) 16:(29.0,17.3,-14.6) 17:(-17.2,29.0,-14.6) 18:(29.0,17.3,14.6) 19:(-29.0,17.4,14.6) 20:(-29.0,17.4,-14.6) 21:(29.0,-17.4,-14.6) 22:(17.2,-29.0,14.6) 23:(29.0,-17.4,14.6)
mode=4 n=24 points=0:(33.2,0.0,0.0) 1:(-33.2,0.9,0.0) 2:(0.9,33.2,0.0) 3:(0.9,-33.2,0.0) 4:(0.0,0.0,29.2) 5:(0.0,0.0,-29.2) 6:(-17.4,-29.0,14.6) 7:(33.2,15.3,0.0) 8:(17.4,29.0,-14.6) 9:(17.4,29.0,14.6) 10:(-17.4,-29.0,-14.6) 11:(-29.0,-17.3,14.6) 12:(-17.2,29.0,14.6) 13:(-29.0,-17.3,-14.6) 14:(17.2,-29.0,-14.6) 15:(-33.2,-16.3,0.0) 16:(29.0,17.3,-14.6) 17:(-17.2,29.0,-14.6) 18:(29.0,17.3,14.6) 19:(-29.0,17.4,14.6) 20:(-29.0,17.4,-14.6) 21:(29.0,-17.4,-14.6) 22:(17.2,-29.0,14.6) 23:(29.0,-17.4,14.6)
mode=4 n=24 points=0:(33.2,0.0,0.0) 1:(-33.2,0.9,0.0) 2:(0.8,33.2,0.0) 3:(0.8,-33.2,0.0) 4:(0.0,0.0,29.2) 5:(0.0,0.0,-29.2) 6:(-17.4,-29.0,14.6) 7:(33.2,15.2,0.0) 8:(17.4,29.0,-14.6) 9:(17.4,29.0,14.6) 10:(-17.4,-29.0,-14.6) 11:(-29.0,-17.2,14.6) 12:(-17.2,29.0,14.6) 13:(-29.0,-17.2,-14.6) 14:(17.2,-29.0,-14.6) 15:(-33.2,-16.3,0.0) 16:(29.0,17.2,-14.6) 17:(-17.2,29.0,-14.6) 18:(29.0,17.2,14.6) 19:(-29.0,17.4,14.6) 20:(-29.0,17.4,-14.6) 21:(29.0,-17.4,-14.6) 22:(17.2,-29.0,14.6) 23:(29.0,-17.4,14.6)
mode=2 n=24 points=0:(33.2,0.0,0.0) 1:(-33.2,0.0,0.0) 2:(0.0,33.2,0.0) 3:(0.0,-33.2,0.0) 4:(0.8,0.0,29.2) 5:(0.8,0.0,-29.2) 6:(33.2,0.0,0.0) 7:(16.7,28.9,0.0) 8:(-8.8,32.1,-29.2) 9:(-33.2,-0.0,0.0) 10:(8.8,-32.1,-29.2) 11:(-23.5,-23.8,29.2) 12:(-8.8,32.1,29.2) 13:(-23.5,-23.8,-29.2) 14:(32.2,-8.5,-29.2) 15:(-16.7,-28.9,0.0) 16:(-16.7,28.9,0.0) 17:(16.7,-28.9,0.0) 18:(23.5,23.8,29.2) 19:(-32.2,8.5,29.2) 20:(-32.2,8.5,-29.2) 21:(23.5,23.8,-29.2) 22:(8.8,-32.1,29.2) 23:(32.2,-8.5,29.2)
mode=3 n=24 points=0:(33.2,0.0,0.0) 1:(-33.2,0.9,0.0) 2:(0.9,33.2,0.0) 3:(0.9,-33.2,0.0) 4:(0.9,0.0,29.2) 5:(0.9,0.0,-29.2) 6:(33.1,-29.6,0.0) 7:(33.2,22.1,0.0) 8:(32.1,32.1,-29.2) 9:(-33.1,29.6,0.0) 10:(-32.1,-32.1,-29.2) 11:(-32.1,-32.1,29.2) 12:(-33.2,16.5,0.0) 13:(-19.5,-33.2,0.0) 14:(32.1,-32.1,-29.2) 15:(-33.2,-22.1,0.0) 16:(-18.5,33.2,0.0) 17:(18.3,-33.2,0.0) 18:(32.1,32.1,29.2) 19:(-32.1,32.1,29.2) 20:(-32.1,32.1,-29.2) 21:(19.5,33.2,0.0) 22:(33.2,-16.5,0.0) 23:(32.1,-32.1,29.2)
mode=5 n=24 points=0:(33.2,0.0,0.0) 1:(-33.2,0.0,0.0) 2:(0.0,33.2,0.0) 3:(0.0,-33.2,0.0) 4:(0.0,0.0,29.2) 5:(0.0,0.0,-29.2) 6:(-7.5,-15.6,14.6) 7:(12.6,-31.0,0.0) 8:(-0.0,17.2,-14.6) 9:(31.0,12.6,0.0) 10:(-7.5,-15.6,-14.6) 11:(-16.8,-3.9,14.6) 12:(-0.0,17.2,14.6) 13:(-16.8,-3.9,-14.6) 14:(7.6,-15.6,-14.6) 15:(-12.6,31.0,0.0) 16:(13.6,10.9,-14.6) 17:(-31.0,-12.6,0.0) 18:(13.6,10.9,14.6) 19:(-13.6,10.8,14.6) 20:(-13.6,10.8,-14.6) 21:(16.9,-3.8,-14.6) 22:(7.6,-15.6,14.6) 23:(16.9,-3.8,14.6)
mode=5 n=24 points=0:(33.2,0.0,0.0) 1:(-33.2,0.0,0.0) 2:(0.0,33.2,0.0) 3:(0.0,-33.2,0.0) 4:(0.0,0.0,29.2) 5:(0.0,0.0,-29.2) 6:(-7.5,-15.7,14.6) 7:(12.6,-31.0,0.0) 8:(-0.1,17.3,-14.6) 9:(31.0,12.6,0.0) 10:(-7.5,-15.7,-14.6) 11:(-16.9,-3.9,14.6) 12:(-0.1,17.3,14.6) 13:(-16.9,-3.9,-14.6) 14:(7.6,-15.7,-14.6) 15:(-12.6,31.0,0.0) 16:(13.6,10.9,-14.6) 17:(-31.0,-12.6,0.0) 18:(13.6,10.9,14.6) 19:(-13.7,10.9,14.6) 20:(-13.7,10.9,-14.6) 21:(16.9,-3.8,-14.6) 22:(7.6,-15.7,14.6) 23:(16.9,-3.8,14.6)
mode=5 n=24 points=0:(33.2,0.0,0.0) 1:(-33.2,0.0,0.0) 2:(0.0,33.2,0.0) 3:(0.0,-33.2,0.0) 4:(0.0,0.0,29.2) 5:(0.0,0.0,-29.2) 6:(-7.6,-15.8,14.6) 7:(12.6,-31.0,0.0) 8:(-0.1,17.4,-14.6) 9:(31.0,12.6,0.0) 10:(-7.6,-15.8,-14.6) 11:(-17.0,-4.0,14.6) 12:(-0.1,17.4,14.6) 13:(-17.0,-4.0,-14.6) 14:(7.7,-15.8,-14.6) 15:(-12.6,31.0,0.0) 16:(13.7,11.0,-14.6) 17:(-31.0,-12.6,0.0) 18:(13.7,11.0,14.6) 19:(-13.8,10.9,14.6) 20:(-13.8,10.9,-14.6) 21:(17.0,-3.8,-14.6) 22:(7.7,-15.8,14.6) 23:(17.0,-3.8,14.6)
mode=3 n=24 points=0:(33.2,0.0,0.0) 1:(-33.2,0.9,0.0) 2:(0.8,33.2,0.0) 3:(0.8,-33.2,0.0) 4:(0.8,0.0,29.2) 5:(0.8,0.0,-29.2) 6:(33.1,-29.6,0.0) 7:(33.2,22.2,0.0) 8:(32.1,32.1,-29.2) 9:(-33.1,29.6,0.0) 10:(-32.1,-32.1,-29.2) 11:(-32.1,-32.1,29.2) 12:(-33.2,16.4,0.0) 13:(-19.5,-33.2,0.0) 14:(32.1,-32.1,-29.2) 15:(-33.2,-22.2,0.0) 16:(-18.4,33.2,0.0) 17:(18.2,-33.2,0.0) 18:(32.1,32.1,29.2) 19:(-32.1,32.1,29.2) 20:(-32.1,32.1,-29.2) 21:(19.4,33.2,0.0) 22:(33.2,-16.4,0.0) 23:(32.1,-32.1,29.2)
mode=3 n=24 points=0:(33.2,0.0,0.0) 1:(-33.2,0.9,0.0) 2:(0.8,33.2,0.0) 3:(0.8,-33.2,0.0) 4:(0.8,0.0,29.2) 5:(0.8,0.0,-29.2) 6:(33.1,-29.6,0.0) 7:(33.2,22.2,0.0) 8:(32.1,32.1,-29.2) 9:(-33.1,29.6,0.0) 10:(-32.1,-32.1,-29.2) 11:(-32.1,-32.1,29.2) 12:(-33.2,16.4,0.0) 13:(-19.4,-33.2,0.0) 14:(32.1,-32.1,-29.2) 15:(-33.2,-22.2,0.0) 16:(-18.4,33.2,0.0) 17:(18.2,-33.2,0.0) 18:(32.1,32.1,29.2) 19:(-32.1,32.1,29.2) 20:(-32.1,32.1,-29.2) 21:(19.4,33.2,0.0) 22:(33.2,-16.3,0.0) 23:(32.1,-32.1,29.2)
mode=3 n=24 points=0:(33.2,0.0,0.0) 1:(-33.2,0.9,0.0) 2:(0.9,33.2,0.0) 3:(0.9,-33.2,0.0) 4:(0.9,0.0,29.2) 5:(0.9,0.0,-29.2) 6:(33.1,-29.7,0.0) 7:(33.2,22.1,0.0) 8:(32.1,32.1,-29.2) 9:(-33.1,29.7,0.0) 10:(-32.1,-32.1,-29.2) 11:(-32.1,-32.1,29.2) 12:(-33.2,16.6,0.0) 13:(-19.6,-33.2,0.0) 14:(32.1,-32.1,-29.2) 15:(-33.2,-22.1,0.0) 16:(-18.6,33.2,0.0) 17:(18.4,-33.2,0.0) 18:(32.1,32.1,29.2) 19:(-32.1,32.1,29.2) 20:(-32.1,32.1,-29.2) 21:(19.6,33.2,0.0) 22:(33.2,-16.6,0.0) 23:(32.1,-32.1,29.2)
mode=4 n=24 points=0:(33.2,0.0,0.0) 1:(-33.2,1.0,0.0) 2:(0.9,33.2,0.0) 3:(0.9,-33.2,0.0) 4:(0.0,0.0,29.2) 5:(0.0,0.0,-29.2) 6:(-17.6,-29.1,14.6) 7:(33.2,15.5,0.0) 8:(17.6,29.1,-14.6) 9:(29.1,17.4,14.6) 10:(-29.1,17.6,-14.6) 11:(-29.1,-17.4,14.6) 12:(17.6,29.1,14.6) 13:(-29.1,-17.4,-14.6) 14:(17.4,-29.1,-14.6) 15:(-33.2,-16.5,0.0) 16:(29.1,17.4,-14.6) 17:(-17.6,-29.1,-14.6) 18:(-17.4,29.1,14.6) 19:(-29.1,17.6,14.6) 20:(-17.4,29.1,-14.6) 21:(29.1,-17.6,-14.6) 22:(17.4,-29.1,14.6) 23:(29.1,-17.6,14.6)
mode=4 n=24 points=0:(33.2,0.0,0.0) 1:(-33.2,1.0,0.0) 2:(0.9,33.2,0.0) 3:(0.9,-33.2,0.0) 4:(0.0,0.0,29.2) 5:(0.0,0.0,-29.2) 6:(-17.6,-29.1,14.6) 7:(33.2,15.5,0.0) 8:(17.6,29.1,-14.6) 9:(29.1,17.5,14.6) 10:(-29.1,17.6,-14.6) 11:(-29.1,-17.5,14.6) 12:(17.6,29.1,14.6) 13:(-29.1,-17.5,-14.6) 14:(17.4,-29.1,-14.6) 15:(-33.2,-16.6,0.0) 16:(29.1,17.5,-14.6) 17:(-17.6,-29.1,-14.6) 18:(-17.4,29.1,14.6) 19:(-29.1,17.6,14.6) 20:(-17.4,29.1,-14.6) 21:(29.1,-17.6,-14.6) 22:(17.4,-29.1,14.6) 23:(29.1,-17.6,14.6)
mode=3 n=24 points=0:(33.2,0.0,0.0) 1:(-33.2,0.9,0.0) 2:(0.8,33.2,0.0) 3:(0.8,-33.2,0.0) 4:(0.8,0.0,29.2) 5:(0.8,0.0,-29.2) 6:(33.1,-29.6,0.0) 7:(33.2,22.2,0.0) 8:(32.1,32.1,-29.2) 9:(-33.1,29.6,0.0) 10:(-32.1,-32.1,-29.2) 11:(-32.1,-32.1,29.2) 12:(-33.2,16.4,0.0) 13:(-19.5,-33.2,0.0) 14:(32.1,-32.1,-29.2) 15:(-33.2,-22.2,0.0) 16:(-18.5,33.2,0.0) 17:(18.3,-33.2,0.0) 18:(32.1,32.1,29.2) 19:(-32.1,32.1,29.2) 20:(-32.1,32.1,-29.2) 21:(19.5,33.2,0.0) 22:(33.2,-16.4,0.0) 23:(32.1,-32.1,29.2)
mode=3 n=24 points=0:(33.2,0.0,0.0) 1:(-33.2,0.9,0.0) 2:(0.8,33.2,0.0) 3:(0.8,-33.2,0.0) 4:(0.8,0.0,29.2) 5:(0.8,0.0,-29.2) 6:(33.1,-29.6,0.0) 7:(33.2,22.2,0.0) 8:(32.1,32.1,-29.2) 9:(-33.1,29.6,0.0) 10:(-32.1,-32.1,-29.2) 11:(-32.1,-32.1,29.2) 12:(-33.2,16.4,0.0) 13:(-19.5,-33.2,0.0) 14:(32.1,-32.1,-29.2) 15:(-33.2,-22.2,0.0) 16:(-18.5,33.2,0.0) 17:(18.3,-33.2,0.0) 18:(32.1,32.1,29.2) 19:(-32.1,32.1,29.2) 20:(-32.1,32.1,-29.2) 21:(19.5,33.2,0.0) 22:(33.2,-16.4,0.0) 23:(32.1,-32.1,29.2)
mode=3 n=24 points=0:(33.2,0.0,0.0) 1:(-33.2,0.9,0.0) 2:(0.9,33.2,0.0) 3:(0.9,-33.2,0.0) 4:(0.9,0.0,29.2) 5:(0.9,0.0,-29.2) 6:(33.1,-29.6,0.0) 7:(33.2,22.2,0.0) 8:(32.1,32.1,-29.2) 9:(-33.1,29.6,0.0) 10:(-32.1,-32.1,-29.2) 11:(-32.1,-32.1,29.2) 12:(-33.2,16.5,0.0) 13:(-19.5,-33.2,0.0) 14:(32.1,-32.1,-29.2) 15:(-33.2,-22.2,0.0) 16:(-18.5,33.2,0.0) 17:(18.3,-33.2,0.0) 18:(32.1,32.1,29.2) 19:(-32.1,32.1,29.2) 20:(-32.1,32.1,-29.2) 21:(19.5,33.2,0.0) 22:(33.2,-16.4,0.0) 23:(32.1,-32.1,29.2)
mode=5 n=24 points=0:(33.2,0.0,0.0) 1:(-33.2,0.0,0.0) 2:(0.0,33.2,0.0) 3:(0.0,-33.2,0.0) 4:(0.0,0.0,29.2) 5:(0.0,0.0,-29.2) 6:(-7.4,-15.5,14.6) 7:(12.6,-30.9,0.0) 8:(-0.0,17.1,-14.6) 9:(30.9,12.6,0.0) 10:(-7.4,-15.5,-14.6) 11:(-16.7,-3.9,14.6) 12:(-0.0,17.1,14.6) 13:(-16.7,-3.9,-14.6) 14:(7.5,-15.5,-14.6) 15:(-12.6,30.9,0.0) 16:(13.4,10.8,-14.6) 17:(-30.9,-12.6,0.0) 18:(13.4,10.8,14.6) 19:(-13.5,10.7,14.6) 20:(-13.5,10.7,-14.6) 21:(16.7,-3.8,-14.6) 22:(7.5,-15.5,14.6) 23:(16.7,-3.8,14.6)
mode=5 n=24 points=0:(33.2,0.0,0.0) 1:(-33.2,0.0,0.0) 2:(0.0,33.2,0.0) 3:(0.0,-33.2,0.0) 4:(0.0,0.0,29.2) 5:(0.0,0.0,-29.2) 6:(-7.5,-15.6,14.6) 7:(12.6,-30.9,0.0) 8:(-0.0,17.2,-14.6) 9:(30.9,12.6,0.0) 10:(-7.5,-15.6,-14.6) 11:(-16.8,-3.9,14.6) 12:(-0.0,17.2,14.6) 13:(-16.8,-3.9,-14.6) 14:(7.6,-15.6,-14.6) 15:(-12.6,30.9,0.0) 16:(13.5,10.8,-14.6) 17:(-30.9,-12.6,0.0) 18:(13.5,10.8,14.6) 19:(-13.6,10.8,14.6) 20:(-13.6,10.8,-14.6) 21:(16.8,-3.8,-14.6) 22:(7.6,-15.6,14.6) 23:(16.8,-3.8,14.6)
mode=5 n=24 points=0:(33.2,0.0,0.0) 1:(-33.2,0.0,0.0) 2:(0.0,33.2,0.0) 3:(0.0,-33.2,0.0) 4:(0.0,0.0,29.2) 5:(0.0,0.0,-29.2) 6:(-7.5,-15.6,14.6) 7:(12.6,-30.9,0.0) 8:(-0.0,17.2,-14.6) 9:(30.9,12.6,0.0) 10:(-7.5,-15.6,-14.6) 11:(-16.8,-3.9,14.6) 12:(-0.0,17.2,14.6) 13:(-16.8,-3.9,-14.6) 14:(7.6,-15.6,-14.6) 15:(-12.6,30.9,0.0) 16:(13.5,10.8,-14.6) 17:(-30.9,-12.6,0.0) 18:(13.5,10.8,14.6) 19:(-13.6,10.8,14.6) 20:(-13.6,10.8,-14.6) 21:(16.8,-3.8,-14.6) 22:(7.6,-15.6,14.6) 23:(16.8,-3.8,14.6)
^CTraceback (most recent call last):
  File "/home/mia/semester_thesis/iso_swarm/src/pipelines/webcam_main.py", line 22, in <module>
    main()
    ~~~~^^
  File "/home/mia/semester_thesis/iso_swarm/src/runtime/hand_tracking_webcam_modes.py", line 272, in main
    result = landmarker.detect_for_video(mp_image, t_ms)
  File "/home/mia/semester_thesis/iso_swarm/.pixi/envs/default/lib/python3.13/site-packages/mediapipe/tasks/python/vision/hand_landmarker.py", line 513, in detect_for_video
    self._lib.MpHandLandmarkerDetectForVideo(
    ~~~~~~~~~~~~~~~~~~~~~~~~~~~~~~~~~~~~~~~~^
        self._handle,
        ^^^^^^^^^^^^^
    ...<3 lines>...
        ctypes.byref(c_result),
        ^^^^^^^^^^^^^^^^^^^^^^^
    )
    ^
  File "/home/mia/semester_thesis/iso_swarm/.pixi/envs/default/lib/python3.13/site-packages/mediapipe/tasks/python/core/serial_dispatcher.py", line 74, in shutdown_aware_handler
    return handler(*args, **kwargs)
  File "/home/mia/semester_thesis/iso_swarm/.pixi/envs/default/lib/python3.13/site-packages/mediapipe/tasks/python/core/mediapipe_c_utils.py", line 142, in dispatcher_wrapper
    executor.submit(dispatch_and_free).result()
    ~~~~~~~~~~~~~~~~~~~~~~~~~~~~~~~~~~~~~~~~~^^
  File "/home/mia/semester_thesis/iso_swarm/.pixi/envs/default/lib/python3.13/concurrent/futures/_base.py", line 451, in result
    self._condition.wait(timeout)
    ~~~~~~~~~~~~~~~~~~~~^^^^^^^^^
  File "/home/mia/semester_thesis/iso_swarm/.pixi/envs/default/lib/python3.13/threading.py", line 359, in wait
    waiter.acquire()
    ~~~~~~~~~~~~~~^^
KeyboardInterrupt

(crazyflow) mia@mia-Lenovo-Legion-Y7000-2020H:~/semester_thesis/iso_swarm$ python src/pipelines/webcam_main.py
Enter n surface samples (>=6, default 24): 
Fixed surface samples initialized: n=24 (first 6 are axis seeds).
WARNING: All log messages before absl::InitializeLog() is called are written to STDERR
I0000 00:00:1777223142.883549   16413 gl_context_egl.cc:85] Successfully initialized EGL. Major : 1 Minor: 5
I0000 00:00:1777223142.885976   16434 gl_context.cc:385] GL version: 3.2 (OpenGL ES 3.2 Mesa 25.2.8-0ubuntu0.24.04.1), renderer: Mesa Intel(R) UHD Graphics (CML GT2)
INFO: Created TensorFlow Lite XNNPACK delegate for CPU.
W0000 00:00:1777223142.901593   16418 inference_feedback_manager.cc:114] Feedback manager requires a model with a single signature inference. Disabling support for feedback tensors.
W0000 00:00:1777223142.910138   16418 inference_feedback_manager.cc:114] Feedback manager requires a model with a single signature inference. Disabling support for feedback tensors.
Left hand = MODE (1–5). Right hand = OPEN / shape morph.  q=quit p=3D s=save
W0000 00:00:1777223143.297212   16422 landmark_projection_calculator.cc:78] Using NORM_RECT without IMAGE_DIMENSIONS is only supported for the square ROI. Provide IMAGE_DIMENSIONS or use PROJECTION_MATRIX.
QFontDatabase: Cannot find font directory /home/mia/semester_thesis/iso_swarm/.pixi/envs/default/lib/python3.13/site-packages/cv2/qt/fonts.
Note that Qt no longer ships fonts. Deploy some (from https://dejavu-fonts.github.io/ for example) or switch to fontconfig.
QFontDatabase: Cannot find font directory /home/mia/semester_thesis/iso_swarm/.pixi/envs/default/lib/python3.13/site-packages/cv2/qt/fonts.
Note that Qt no longer ships fonts. Deploy some (from https://dejavu-fonts.github.io/ for example) or switch to fontconfig.
QFontDatabase: Cannot find font directory /home/mia/semester_thesis/iso_swarm/.pixi/envs/default/lib/python3.13/site-packages/cv2/qt/fonts.
Note that Qt no longer ships fonts. Deploy some (from https://dejavu-fonts.github.io/ for example) or switch to fontconfig.
QFontDatabase: Cannot find font directory /home/mia/semester_thesis/iso_swarm/.pixi/envs/default/lib/python3.13/site-packages/cv2/qt/fonts.
Note that Qt no longer ships fonts. Deploy some (from https://dejavu-fonts.github.io/ for example) or switch to fontconfig.
QFontDatabase: Cannot find font directory /home/mia/semester_thesis/iso_swarm/.pixi/envs/default/lib/python3.13/site-packages/cv2/qt/fonts.
Note that Qt no longer ships fonts. Deploy some (from https://dejavu-fonts.github.io/ for example) or switch to fontconfig.
mode=5 n=24 points=0:(44.4,0.0,0.0) 1:(-44.4,0.0,0.0) 2:(0.0,44.4,0.0) 3:(0.0,-44.4,0.0) 4:(0.0,0.0,21.4) 5:(0.0,0.0,-21.4) 6:(-10.1,-21.1,10.7) 7:(16.8,-41.4,0.0) 8:(-0.1,23.2,-10.7) 9:(41.4,16.8,0.0) 10:(-10.1,-21.1,-10.7) 11:(-22.7,-5.3,10.7) 12:(-0.1,23.2,10.7) 13:(-22.7,-5.3,-10.7) 14:(10.2,-21.0,-10.7) 15:(-16.8,41.4,0.0) 16:(18.3,14.7,-10.7) 17:(-41.4,-16.8,0.0) 18:(18.3,14.7,10.7) 19:(-18.4,14.6,10.7) 20:(-18.4,14.6,-10.7) 21:(22.7,-5.1,-10.7) 22:(10.2,-21.0,10.7) 23:(22.7,-5.1,10.7)
mode=1 n=24 points=0:(30.2,0.0,0.0) 1:(-30.2,0.0,0.0) 2:(0.0,30.2,0.0) 3:(0.0,-30.2,0.0) 4:(0.0,0.0,30.2) 5:(0.0,0.0,-30.2) 6:(-17.2,-20.9,10.9) 7:(21.1,-20.6,0.4) 8:(6.0,19.8,-20.8) 9:(17.5,22.4,7.2) 10:(-6.6,-18.5,-21.8) 11:(-19.7,-3.6,21.5) 12:(0.3,20.6,21.1) 13:(-21.4,-0.2,-20.2) 14:(11.7,-20.5,-17.1) 15:(-20.9,20.7,-1.3) 16:(22.6,15.6,-10.1) 17:(-21.4,-18.6,-7.2) 18:(19.5,6.6,20.9) 19:(-18.4,14.9,16.8) 20:(-12.4,18.0,-19.2) 21:(20.3,-2.0,-21.2) 22:(0.7,-20.8,20.9) 23:(18.9,-12.1,18.5)
mode=1 n=24 points=0:(36.2,0.0,0.0) 1:(-36.2,0.0,0.0) 2:(0.0,36.2,0.0) 3:(0.0,-36.2,0.0) 4:(0.0,0.0,26.1) 5:(0.0,0.0,-26.1) 6:(-20.5,-24.9,9.3) 7:(25.2,-24.5,0.4) 8:(7.1,23.6,-17.9) 9:(20.9,26.7,6.1) 10:(-7.8,-22.0,-18.8) 11:(-23.5,-4.2,18.6) 12:(0.3,24.5,18.2) 13:(-25.6,-0.3,-17.4) 14:(13.9,-24.5,-14.7) 15:(-25.0,24.7,-1.1) 16:(26.9,18.6,-8.6) 17:(-25.6,-22.2,-6.1) 18:(23.2,7.8,18.0) 19:(-21.9,17.8,14.5) 20:(-14.7,21.4,-16.6) 21:(24.2,-2.4,-18.3) 22:(0.8,-24.8,18.0) 23:(22.6,-14.4,15.9)
mode=1 n=24 points=0:(36.2,0.0,0.0) 1:(-36.2,0.0,0.0) 2:(0.0,36.2,0.0) 3:(0.0,-36.2,0.0) 4:(0.0,0.0,26.1) 5:(0.0,0.0,-26.1) 6:(-20.5,-24.9,9.3) 7:(25.2,-24.5,0.4) 8:(7.1,23.6,-17.9) 9:(20.9,26.7,6.1) 10:(-7.8,-22.0,-18.8) 11:(-23.5,-4.2,18.6) 12:(0.3,24.5,18.2) 13:(-25.6,-0.3,-17.4) 14:(13.9,-24.5,-14.7) 15:(-25.0,24.7,-1.1) 16:(26.9,18.6,-8.6) 17:(-25.6,-22.2,-6.1) 18:(23.2,7.8,18.0) 19:(-21.9,17.8,14.5) 20:(-14.7,21.4,-16.6) 21:(24.2,-2.4,-18.3) 22:(0.8,-24.8,18.0) 23:(22.6,-14.4,15.9)
mode=3 n=24 points=0:(36.2,0.0,0.0) 1:(-36.2,0.7,0.0) 2:(0.7,36.2,0.0) 3:(0.7,-36.2,0.0) 4:(0.7,0.0,26.1) 5:(0.7,0.0,-26.1) 6:(36.0,-31.9,0.0) 7:(36.2,24.3,0.0) 8:(34.8,34.8,-26.1) 9:(-36.0,31.9,0.0) 10:(-34.8,-34.8,-26.1) 11:(-34.8,-34.8,26.1) 12:(-36.2,16.8,0.0) 13:(-20.3,-36.2,0.0) 14:(34.8,-34.8,-26.1) 15:(-36.2,-24.3,0.0) 16:(-19.2,36.2,0.0) 17:(19.0,-36.2,0.0) 18:(34.8,34.8,26.1) 19:(-34.8,34.8,26.1) 20:(-34.8,34.8,-26.1) 21:(20.2,36.2,0.0) 22:(36.2,-16.8,0.0) 23:(34.8,-34.8,26.1)
mode=1 n=24 points=0:(36.2,0.0,0.0) 1:(-36.2,0.0,0.0) 2:(0.0,36.2,0.0) 3:(0.0,-36.2,0.0) 4:(0.0,0.0,26.1) 5:(0.0,0.0,-26.1) 6:(-20.5,-24.9,9.3) 7:(25.2,-24.5,0.4) 8:(7.1,23.6,-17.9) 9:(20.9,26.7,6.1) 10:(-7.8,-22.0,-18.8) 11:(-23.5,-4.2,18.6) 12:(0.3,24.5,18.2) 13:(-25.6,-0.3,-17.4) 14:(13.9,-24.5,-14.7) 15:(-25.0,24.7,-1.1) 16:(26.9,18.6,-8.6) 17:(-25.6,-22.2,-6.1) 18:(23.2,7.8,18.0) 19:(-21.9,17.8,14.5) 20:(-14.7,21.4,-16.6) 21:(24.2,-2.4,-18.3) 22:(0.8,-24.8,18.0) 23:(22.6,-14.4,15.9)
mode=5 n=24 points=0:(36.2,0.0,0.0) 1:(-36.2,0.0,0.0) 2:(0.0,36.2,0.0) 3:(0.0,-36.2,0.0) 4:(0.0,0.0,26.1) 5:(0.0,0.0,-26.1) 6:(-7.1,-14.6,13.1) 7:(6.1,-35.5,0.0) 8:(4.2,15.8,-13.1) 9:(35.7,-5.1,0.0) 10:(-4.2,-15.8,-13.1) 11:(-16.0,-3.5,13.1) 12:(0.1,16.5,13.1) 13:(-15.8,-4.2,-13.1) 14:(11.4,-11.4,-13.1) 15:(-25.4,24.6,0.0) 16:(15.6,32.0,0.0) 17:(-31.5,-16.5,0.0) 18:(12.7,10.0,13.1) 19:(-12.6,10.1,13.1) 20:(-11.4,11.4,-13.1) 21:(15.8,4.2,-13.1) 22:(6.9,-14.7,13.1) 23:(16.0,-3.7,13.1)
mode=1 n=24 points=0:(36.2,0.0,0.0) 1:(-36.2,0.0,0.0) 2:(0.0,36.2,0.0) 3:(0.0,-36.2,0.0) 4:(0.0,0.0,26.1) 5:(0.0,0.0,-26.1) 6:(-20.6,-25.0,9.4) 7:(25.2,-24.6,0.4) 8:(7.1,23.6,-18.0) 9:(20.9,26.7,6.2) 10:(-7.8,-22.1,-18.8) 11:(-23.5,-4.3,18.6) 12:(0.3,24.6,18.2) 13:(-25.6,-0.3,-17.5) 14:(14.0,-24.5,-14.7) 15:(-25.0,24.8,-1.1) 16:(27.0,18.7,-8.7) 17:(-25.6,-22.3,-6.2) 18:(23.3,7.8,18.0) 19:(-22.0,17.9,14.5) 20:(-14.8,21.5,-16.6) 21:(24.3,-2.4,-18.3) 22:(0.8,-24.8,18.0) 23:(22.7,-14.5,16.0)
mode=4 n=24 points=0:(36.2,0.0,0.0) 1:(-36.2,0.8,0.0) 2:(0.8,36.2,0.0) 3:(0.8,-36.2,0.0) 4:(0.0,0.0,26.1) 5:(0.0,0.0,-26.1) 6:(-18.2,-30.9,13.1) 7:(36.2,15.7,0.0) 8:(18.2,30.9,-13.1) 9:(18.2,30.9,13.1) 10:(-18.2,-30.9,-13.1) 11:(-30.9,-18.0,13.1) 12:(-17.9,30.9,13.1) 13:(-30.9,-18.0,-13.1) 14:(17.9,-30.9,-13.1) 15:(-36.2,-16.9,0.0) 16:(30.9,18.0,-13.1) 17:(-17.9,30.9,-13.1) 18:(30.9,18.0,13.1) 19:(-30.9,18.1,13.1) 20:(-30.9,18.1,-13.1) 21:(30.9,-18.1,-13.1) 22:(17.9,-30.9,13.1) 23:(30.9,-18.1,13.1)
mode=2 n=24 points=0:(36.2,0.0,0.0) 1:(-36.2,0.0,0.0) 2:(0.0,36.2,0.0) 3:(0.0,-36.2,0.0) 4:(0.8,0.0,26.1) 5:(0.8,0.0,-26.1) 6:(36.2,-0.0,0.0) 7:(17.9,31.1,0.0) 8:(-9.0,34.9,-26.1) 9:(-36.2,0.0,0.0) 10:(9.0,-34.9,-26.1) 11:(-25.5,-25.1,26.1) 12:(-9.0,34.9,26.1) 13:(-25.5,-25.1,-26.1) 14:(34.7,-9.6,-26.1) 15:(-17.9,-31.1,0.0) 16:(-17.9,31.1,0.0) 17:(17.9,-31.1,0.0) 18:(25.5,25.1,26.1) 19:(-34.7,9.6,26.1) 20:(-34.7,9.6,-26.1) 21:(25.5,25.1,-26.1) 22:(9.0,-34.9,26.1) 23:(34.7,-9.6,26.1)
mode=4 n=24 points=0:(36.2,0.0,0.0) 1:(-36.2,0.8,0.0) 2:(0.8,36.2,0.0) 3:(0.8,-36.2,0.0) 4:(0.0,0.0,26.1) 5:(0.0,0.0,-26.1) 6:(-18.2,-31.0,13.1) 7:(36.2,15.7,0.0) 8:(18.2,31.0,-13.1) 9:(18.2,31.0,13.1) 10:(-18.2,-31.0,-13.1) 11:(-31.0,-18.0,13.1) 12:(-17.9,31.0,13.1) 13:(-31.0,-18.0,-13.1) 14:(17.9,-31.0,-13.1) 15:(-36.2,-16.9,0.0) 16:(31.0,18.0,-13.1) 17:(-17.9,31.0,-13.1) 18:(31.0,18.0,13.1) 19:(-31.0,18.2,13.1) 20:(-31.0,18.2,-13.1) 21:(31.0,-18.2,-13.1) 22:(17.9,-31.0,13.1) 23:(31.0,-18.2,13.1)
mode=4 n=24 points=0:(36.2,0.0,0.0) 1:(-36.2,0.8,0.0) 2:(0.7,36.2,0.0) 3:(0.7,-36.2,0.0) 4:(0.0,0.0,26.1) 5:(0.0,0.0,-26.1) 6:(-18.0,-30.8,13.1) 7:(36.2,15.5,0.0) 8:(18.0,30.8,-13.1) 9:(18.0,30.8,13.1) 10:(-18.0,-30.8,-13.1) 11:(-30.8,-17.8,13.1) 12:(-17.7,30.8,13.1) 13:(-30.8,-17.8,-13.1) 14:(17.7,-30.8,-13.1) 15:(-36.2,-16.7,0.0) 16:(30.8,17.8,-13.1) 17:(-17.7,30.8,-13.1) 18:(30.8,17.8,13.1) 19:(-30.8,18.0,13.1) 20:(-30.8,18.0,-13.1) 21:(30.8,-18.0,-13.1) 22:(17.7,-30.8,13.1) 23:(30.8,-18.0,13.1)
mode=2 n=24 points=0:(36.2,0.0,0.0) 1:(-36.2,0.0,0.0) 2:(0.0,36.2,0.0) 3:(0.0,-36.2,0.0) 4:(0.7,0.0,26.1) 5:(0.7,0.0,-26.1) 6:(36.2,0.0,0.0) 7:(17.7,30.9,0.0) 8:(-8.7,34.9,-26.1) 9:(-36.2,-0.0,0.0) 10:(8.7,-34.9,-26.1) 11:(-25.5,-24.7,26.1) 12:(-8.7,34.9,26.1) 13:(-25.5,-24.7,-26.1) 14:(34.5,-9.8,-26.1) 15:(-17.7,-30.9,0.0) 16:(-17.7,30.9,0.0) 17:(17.7,-30.9,0.0) 18:(25.5,24.7,26.1) 19:(-34.5,9.8,26.1) 20:(-34.5,9.8,-26.1) 21:(25.5,24.7,-26.1) 22:(8.7,-34.9,26.1) 23:(34.5,-9.8,26.1)
mode=4 n=24 points=0:(36.2,0.0,0.0) 1:(-36.2,0.8,0.0) 2:(0.7,36.2,0.0) 3:(0.7,-36.2,0.0) 4:(0.0,0.0,26.1) 5:(0.0,0.0,-26.1) 6:(-17.8,-30.6,13.1) 7:(36.2,15.2,0.0) 8:(17.8,30.6,-13.1) 9:(17.8,30.6,13.1) 10:(-17.8,-30.6,-13.1) 11:(-30.6,-17.5,13.1) 12:(-17.5,30.6,13.1) 13:(-30.6,-17.5,-13.1) 14:(17.5,-30.6,-13.1) 15:(-36.2,-16.4,0.0) 16:(30.6,17.5,-13.1) 17:(-17.5,30.6,-13.1) 18:(30.6,17.5,13.1) 19:(-30.6,17.7,13.1) 20:(-30.6,17.7,-13.1) 21:(30.6,-17.7,-13.1) 22:(17.5,-30.6,13.1) 23:(30.6,-17.7,13.1)
mode=4 n=24 points=0:(47.7,0.0,0.0) 1:(-47.7,1.1,0.0) 2:(1.0,47.7,0.0) 3:(1.0,-47.7,0.0) 4:(0.0,0.0,30.0) 5:(0.0,0.0,-30.0) 6:(-24.1,-41.0,15.0) 7:(47.7,20.9,0.0) 8:(24.1,41.0,-15.0) 9:(24.1,41.0,15.0) 10:(-24.1,-41.0,-15.0) 11:(-41.0,-23.8,15.0) 12:(-23.8,41.0,15.0) 13:(-41.0,-23.8,-15.0) 14:(23.8,-41.0,-15.0) 15:(-47.7,-22.4,0.0) 16:(41.0,23.8,-15.0) 17:(-23.8,41.0,-15.0) 18:(41.0,23.8,15.0) 19:(-41.0,24.1,15.0) 20:(-41.0,24.1,-15.0) 21:(41.0,-24.1,-15.0) 22:(23.8,-41.0,15.0) 23:(41.0,-24.1,15.0)
mode=4 n=24 points=0:(47.7,0.0,0.0) 1:(-47.7,1.1,0.0) 2:(1.0,47.7,0.0) 3:(1.0,-47.7,0.0) 4:(0.0,0.0,30.0) 5:(0.0,0.0,-30.0) 6:(-24.1,-41.0,15.0) 7:(47.7,20.9,0.0) 8:(24.1,41.0,-15.0) 9:(24.1,41.0,15.0) 10:(-24.1,-41.0,-15.0) 11:(-41.0,-23.8,15.0) 12:(-23.8,41.0,15.0) 13:(-41.0,-23.8,-15.0) 14:(23.8,-41.0,-15.0) 15:(-47.7,-22.4,0.0) 16:(41.0,23.8,-15.0) 17:(-23.8,41.0,-15.0) 18:(41.0,23.8,15.0) 19:(-41.0,24.1,15.0) 20:(-41.0,24.1,-15.0) 21:(41.0,-24.1,-15.0) 22:(23.8,-41.0,15.0) 23:(41.0,-24.1,15.0)
^CTraceback (most recent call last):
  File "/home/mia/semester_thesis/iso_swarm/src/pipelines/webcam_main.py", line 22, in <module>
    main()
    ~~~~^^
  File "/home/mia/semester_thesis/iso_swarm/src/runtime/hand_tracking_webcam_modes.py", line 379, in main
    fig.canvas.flush_events()
    ~~~~~~~~~~~~~~~~~~~~~~~^^
  File "/home/mia/semester_thesis/iso_swarm/.pixi/envs/default/lib/python3.13/site-packages/matplotlib/backends/backend_qt.py", line 466, in flush_events
    QtWidgets.QApplication.instance().processEvents()
    ~~~~~~~~~~~~~~~~~~~~~~~~~~~~~~~~~~~~~~~~~~~~~~~^^
  File "/home/mia/semester_thesis/iso_swarm/.pixi/envs/default/lib/python3.13/site-packages/matplotlib/backends/backend_qt.py", line 523, in _draw_idle
    self.draw()
    ~~~~~~~~~^^
  File "/home/mia/semester_thesis/iso_swarm/.pixi/envs/default/lib/python3.13/site-packages/matplotlib/backends/backend_agg.py", line 382, in draw
    self.figure.draw(self.renderer)
    ~~~~~~~~~~~~~~~~^^^^^^^^^^^^^^^
  File "/home/mia/semester_thesis/iso_swarm/.pixi/envs/default/lib/python3.13/site-packages/matplotlib/artist.py", line 94, in draw_wrapper
    result = draw(artist, renderer, *args, **kwargs)
  File "/home/mia/semester_thesis/iso_swarm/.pixi/envs/default/lib/python3.13/site-packages/matplotlib/artist.py", line 71, in draw_wrapper
    return draw(artist, renderer)
  File "/home/mia/semester_thesis/iso_swarm/.pixi/envs/default/lib/python3.13/site-packages/matplotlib/figure.py", line 3257, in draw
    mimage._draw_list_compositing_images(
    ~~~~~~~~~~~~~~~~~~~~~~~~~~~~~~~~~~~~^
        renderer, self, artists, self.suppressComposite)
        ^^^^^^^^^^^^^^^^^^^^^^^^^^^^^^^^^^^^^^^^^^^^^^^^
  File "/home/mia/semester_thesis/iso_swarm/.pixi/envs/default/lib/python3.13/site-packages/matplotlib/image.py", line 134, in _draw_list_compositing_images
    a.draw(renderer)
    ~~~~~~^^^^^^^^^^
  File "/home/mia/semester_thesis/iso_swarm/.pixi/envs/default/lib/python3.13/site-packages/matplotlib/artist.py", line 71, in draw_wrapper
    return draw(artist, renderer)
  File "/home/mia/semester_thesis/iso_swarm/.pixi/envs/default/lib/python3.13/site-packages/mpl_toolkits/mplot3d/axes3d.py", line 445, in draw
    for artist in sorted(collections_and_patches,
                  ~~~~~~^^^^^^^^^^^^^^^^^^^^^^^^^
                         key=lambda artist: artist.do_3d_projection(),
                         ^^^^^^^^^^^^^^^^^^^^^^^^^^^^^^^^^^^^^^^^^^^^^
                         reverse=True):
                         ^^^^^^^^^^^^^
  File "/home/mia/semester_thesis/iso_swarm/.pixi/envs/default/lib/python3.13/site-packages/mpl_toolkits/mplot3d/axes3d.py", line 446, in <lambda>
    key=lambda artist: artist.do_3d_projection(),
                       ~~~~~~~~~~~~~~~~~~~~~~~^^
  File "/home/mia/semester_thesis/iso_swarm/.pixi/envs/default/lib/python3.13/site-packages/mpl_toolkits/mplot3d/art3d.py", line 1161, in do_3d_projection
    z_segments_2d = sorted(
        ((self._zsortfunc(zs.data), np.ma.column_stack([xs, ys]), fc, ec, idx)
         for idx, ((xs, ys, zs), fc, ec)
         in enumerate(zip(xyzlist, cface, cedge))),
        key=lambda x: x[0], reverse=True)
  File "/home/mia/semester_thesis/iso_swarm/.pixi/envs/default/lib/python3.13/site-packages/mpl_toolkits/mplot3d/art3d.py", line 1162, in <genexpr>
    ((self._zsortfunc(zs.data), np.ma.column_stack([xs, ys]), fc, ec, idx)
                                ~~~~~~~~~~~~~~~~~~^^^^^^^^^^
  File "/home/mia/semester_thesis/iso_swarm/.pixi/envs/default/lib/python3.13/site-packages/numpy/ma/extras.py", line 267, in wrapper
    return _fromnxfunction(npfunc, *args, **kwargs)
  File "/home/mia/semester_thesis/iso_swarm/.pixi/envs/default/lib/python3.13/site-packages/numpy/ma/extras.py", line 298, in _fromnxfunction_seq
    data=npfunc(tuple(np.asarray(a) for a in arys), *args, **kwargs),
         ~~~~~~^^^^^^^^^^^^^^^^^^^^^^^^^^^^^^^^^^^^^^^^^^^^^^^^^^^^^
  File "/home/mia/semester_thesis/iso_swarm/.pixi/envs/default/lib/python3.13/site-packages/numpy/lib/_shape_base_impl.py", line 666, in column_stack
    return _nx.concatenate(arrays, 1)
           ~~~~~~~~~~~~~~~^^^^^^^^^^^
KeyboardInterrupt

(crazyflow) mia@mia-Lenovo-Legion-Y7000-2020H:~/semester_thesis/iso_swarm$ pixi run --manifest-path "iso_swarm/pyproject.toml" python "iso_swarm/src/backup/tools/axis6_terminal_trajectory_crazyflow.py" --plot "iso_swarm/axis6_terminal_trajectory.png" --duration 20
Error:   × unable to canonicalize 'iso_swarm/pyproject.toml'
  ╰─▶ No such file or directory (os error 2)

(crazyflow) mia@mia-Lenovo-Legion-Y7000-2020H:~/semester_thesis/iso_swarm$ pixi run python "src/backup/tools/axis6_terminal_trajectory_crazyflow.py" --plot "axis6_terminal_trajectory.png" --duration 20
Failed to import warp: No module named 'warp'
Failed to import mujoco_warp: No module named 'warp'
Loaded 93 frames, 6 axis-pole trajectories.
Saved trajectory plot to axis6_terminal_trajectory.png
An NVIDIA GPU may be present on this machine, but a CUDA-enabled jaxlib is not installed. Falling back to cpu.
(crazyflow) mia@mia-Lenovo-Legion-Y7000-2020H:~/semester_thesis/iso_swarm$ pixi run python "src/backup/tools/axis6_terminal_trajectory_crazyflow.py" --plot "axis6_terminal_trajectory.png" --duration 20
Failed to import warp: No module named 'warp'
Failed to import mujoco_warp: No module named 'warp'
Loaded 93 frames, 6 axis-pole trajectories.
Saved trajectory plot to axis6_terminal_trajectory.png
An NVIDIA GPU may be present on this machine, but a CUDA-enabled jaxlib is not installed. Falling back to cpu.
(crazyflow) mia@mia-Lenovo-Legion-Y7000-2020H:~/semester_thesis/iso_swarm$ pixi run --manifest-path "iso_swarm/pyproject.toml" python "iso_swarm/src/backup/tools/axis6_terminal_trajectory_crazyflow.py" --plot "iso_swarm/axis6_terminal_trajectory.png" --duration 20
Error:   × unable to canonicalize 'iso_swarm/pyproject.toml'
  ╰─▶ No such file or directory (os error 2)

(crazyflow) mia@mia-Lenovo-Legion-Y7000-2020H:~/semester_thesis/iso_swarm$ pixi run --manifest-path "iso_swarm/pyproject.toml" python "iso_swarm/src/backup/tools/axis6_terminal_trajectory_crazyflow.py" --plot "iso_swarm/axis6_terminal_trajectory.png" --duration 20
Error:   × unable to canonicalize 'iso_swarm/pyproject.toml'
  ╰─▶ No such file or directory (os error 2)

(crazyflow) mia@mia-Lenovo-Legion-Y7000-2020H:~/semester_thesis/iso_swarm$ pixi run python "src/backup/tools/axis6_terminal_trajectory_crazyflow.py" --plot "axis6_terminal_trajectory.png" --duration 20
Failed to import warp: No module named 'warp'
Failed to import mujoco_warp: No module named 'warp'
Loaded 93 frames, 6 axis-pole trajectories.
Saved trajectory plot to axis6_terminal_trajectory.png
An NVIDIA GPU may be present on this machine, but a CUDA-enabled jaxlib is not installed. Falling back to cpu.
/home/mia/semester_thesis/iso_swarm/.pixi/envs/default/lib/python3.13/site-packages/glfw/__init__.py:917: GLFWError: (65537) b'The GLFW library is not initialized'
  warnings.warn(message, GLFWError)
(crazyflow) mia@mia-Lenovo-Legion-Y7000-2020H:~/semester_thesis/iso_swarm$ pixi run python "src/backup/tools/axis6_terminal_trajectory_crazyflow.py" --plot "axis6_terminal_trajectory.png" --duration 20
Failed to import warp: No module named 'warp'
Failed to import mujoco_warp: No module named 'warp'
Loaded 93 frames, 6 axis-pole trajectories.
Saved trajectory plot to axis6_terminal_trajectory.png
An NVIDIA GPU may be present on this machine, but a CUDA-enabled jaxlib is not installed. Falling back to cpu.
/home/mia/semester_thesis/iso_swarm/.pixi/envs/default/lib/python3.13/site-packages/glfw/__init__.py:917: GLFWError: (65537) b'The GLFW library is not initialized'
  warnings.warn(message, GLFWError)
^CTraceback (most recent call last):
  File "/home/mia/semester_thesis/iso_swarm/src/backup/tools/axis6_terminal_trajectory_crazyflow.py", line 199, in <module>
    main()
    ~~~~^^
  File "/home/mia/semester_thesis/iso_swarm/src/backup/tools/axis6_terminal_trajectory_crazyflow.py", line 195, in main
    run_crazyflow(traj, duration=float(args.duration), fps=int(args.fps))
    ~~~~~~~~~~~~~^^^^^^^^^^^^^^^^^^^^^^^^^^^^^^^^^^^^^^^^^^^^^^^^^^^^^^^^
  File "/home/mia/semester_thesis/iso_swarm/src/backup/tools/axis6_terminal_trajectory_crazyflow.py", line 174, in run_crazyflow
    sim.render()
    ~~~~~~~~~~^^
  File "/home/mia/semester_thesis/iso_swarm/crazyflow/sim/sim.py", line 55, in wrapper
    sim.data, sim.mjx_data = sync_sim2mjx(sim.data, sim.mjx_data, sim.mjx_model)
                             ~~~~~~~~~~~~^^^^^^^^^^^^^^^^^^^^^^^^^^^^^^^^^^^^^^^
  File "/home/mia/semester_thesis/iso_swarm/.pixi/envs/default/lib/python3.13/site-packages/jax/_src/tree_util.py", line 940, in flatten_func_impl
    key_children, treedef = flatten_with_keys(tree)
                            ~~~~~~~~~~~~~~~~~^^^^^^
  File "/home/mia/semester_thesis/iso_swarm/.pixi/envs/default/lib/python3.13/site-packages/mujoco/mjx/_src/dataclasses.py", line 108, in iterate_clz_with_keys
    meta = tuple(to_meta(f, x) for f in meta_fields)
  File "/home/mia/semester_thesis/iso_swarm/.pixi/envs/default/lib/python3.13/site-packages/mujoco/mjx/_src/dataclasses.py", line 108, in <genexpr>
    meta = tuple(to_meta(f, x) for f in meta_fields)
                 ~~~~~~~^^^^^^
  File "/home/mia/semester_thesis/iso_swarm/.pixi/envs/default/lib/python3.13/site-packages/mujoco/mjx/_src/dataclasses.py", line 93, in to_meta
    return _NumPyArrayHashWrapper(val)
  File "/home/mia/semester_thesis/iso_swarm/.pixi/envs/default/lib/python3.13/site-packages/mujoco/mjx/_src/dataclasses.py", line 42, in __init__
    h = hashlib.sha256(contiguous.data.cast('B')).hexdigest()
        ~~~~~~~~~~~~~~^^^^^^^^^^^^^^^^^^^^^^^^^^^
KeyboardInterrupt
(crazyflow) mia@mia-Lenovo-Legion-Y7000-2020H:~/semester_thesis/iso_swarm$ pixi run python "src/backup/tools/axis6_terminal_trajectory_crazyflow.py" --plot "axis6_terminal_trajectory.png" --duration 20
Failed to import warp: No module named 'warp'
Failed to import mujoco_warp: No module named 'warp'
Loaded 93 frames, 6 axis-pole trajectories.
Saved trajectory plot to axis6_terminal_trajectory.png
An NVIDIA GPU may be present on this machine, but a CUDA-enabled jaxlib is not installed. Falling back to cpu.
Takeoff formation radius=0.55m, min_xy_dist=0.55m, z=0.35->0.85m
(crazyflow) mia@mia-Lenovo-Legion-Y7000-2020H:~/semester_thesis/iso_swarm$ python src/pipelines/webcam_main.py
Enter n surface samples (>=6, default 24): 14
Fixed surface samples initialized: n=14 (first 6 are axis seeds).
WARNING: All log messages before absl::InitializeLog() is called are written to STDERR
I0000 00:00:1777224399.228263   21865 gl_context_egl.cc:85] Successfully initialized EGL. Major : 1 Minor: 5
I0000 00:00:1777224399.233879   21882 gl_context.cc:385] GL version: 3.2 (OpenGL ES 3.2 Mesa 25.2.8-0ubuntu0.24.04.1), renderer: Mesa Intel(R) UHD Graphics (CML GT2)
INFO: Created TensorFlow Lite XNNPACK delegate for CPU.
W0000 00:00:1777224399.249977   21872 inference_feedback_manager.cc:114] Feedback manager requires a model with a single signature inference. Disabling support for feedback tensors.
W0000 00:00:1777224399.261220   21867 inference_feedback_manager.cc:114] Feedback manager requires a model with a single signature inference. Disabling support for feedback tensors.
Left hand = MODE (1–5). Right hand = OPEN / shape morph.  q=quit p=3D s=save
W0000 00:00:1777224399.689680   21875 landmark_projection_calculator.cc:78] Using NORM_RECT without IMAGE_DIMENSIONS is only supported for the square ROI. Provide IMAGE_DIMENSIONS or use PROJECTION_MATRIX.
QFontDatabase: Cannot find font directory /home/mia/semester_thesis/iso_swarm/.pixi/envs/default/lib/python3.13/site-packages/cv2/qt/fonts.
Note that Qt no longer ships fonts. Deploy some (from https://dejavu-fonts.github.io/ for example) or switch to fontconfig.
QFontDatabase: Cannot find font directory /home/mia/semester_thesis/iso_swarm/.pixi/envs/default/lib/python3.13/site-packages/cv2/qt/fonts.
Note that Qt no longer ships fonts. Deploy some (from https://dejavu-fonts.github.io/ for example) or switch to fontconfig.
QFontDatabase: Cannot find font directory /home/mia/semester_thesis/iso_swarm/.pixi/envs/default/lib/python3.13/site-packages/cv2/qt/fonts.
Note that Qt no longer ships fonts. Deploy some (from https://dejavu-fonts.github.io/ for example) or switch to fontconfig.
QFontDatabase: Cannot find font directory /home/mia/semester_thesis/iso_swarm/.pixi/envs/default/lib/python3.13/site-packages/cv2/qt/fonts.
Note that Qt no longer ships fonts. Deploy some (from https://dejavu-fonts.github.io/ for example) or switch to fontconfig.
QFontDatabase: Cannot find font directory /home/mia/semester_thesis/iso_swarm/.pixi/envs/default/lib/python3.13/site-packages/cv2/qt/fonts.
Note that Qt no longer ships fonts. Deploy some (from https://dejavu-fonts.github.io/ for example) or switch to fontconfig.
mode=4 n=14 points=0:(89.5,2.0,0.0) 1:(-90.2,1.7,0.0) 2:(1.3,91.6,0.0) 3:(2.5,-90.9,0.0) 4:(1.9,0.0,0.0) 5:(-39.1,43.3,0.0) 6:(-85.1,-90.3,0.0) 7:(88.7,-84.4,0.0) 8:(83.7,87.1,0.0) 9:(-86.0,88.9,0.0) 10:(46.1,-42.5,0.0) 11:(-43.7,-43.3,0.0) 12:(46.1,42.0,0.0) 13:(-91.3,-45.8,0.0)
mode=1 n=14 points=0:(36.6,0.0,0.0) 1:(-36.6,0.0,0.0) 2:(0.0,36.6,0.0) 3:(0.0,-36.6,0.0) 4:(0.0,0.0,28.4) 5:(0.0,0.0,-28.4) 6:(-24.1,-24.8,-8.1) 7:(21.5,-21.6,15.0) 8:(21.3,19.7,-16.6) 9:(-19.6,23.9,14.4) 10:(16.4,-22.3,-18.0) 11:(-22.1,-13.8,19.4) 12:(21.8,20.3,15.8) 13:(-21.0,18.3,-17.8)
mode=1 n=14 points=0:(80.5,0.0,0.0) 1:(-80.5,0.0,0.0) 2:(0.0,80.5,0.0) 3:(0.0,-80.5,0.0) 4:(0.0,0.0,22.9) 5:(0.0,0.0,-22.9) 6:(-52.9,-54.5,-6.5) 7:(47.1,-47.3,12.1) 8:(46.8,43.2,-13.3) 9:(-43.1,52.5,11.5) 10:(35.9,-48.9,-14.4) 11:(-48.5,-30.3,15.6) 12:(47.9,44.5,12.6) 13:(-46.1,40.1,-14.3)
mode=1 n=14 points=0:(70.2,0.0,0.0) 1:(-70.2,0.0,0.0) 2:(0.0,70.2,0.0) 3:(0.0,-70.2,0.0) 4:(0.0,0.0,22.6) 5:(0.0,0.0,-22.6) 6:(-46.2,-47.6,-6.4) 7:(41.2,-41.3,11.9) 8:(40.9,37.8,-13.2) 9:(-37.6,45.9,11.4) 10:(31.4,-42.7,-14.3) 11:(-42.4,-26.5,15.4) 12:(41.9,38.9,12.5) 13:(-40.3,35.0,-14.1)
mode=2 n=14 points=0:(30.4,0.0,0.0) 1:(-30.4,0.0,0.0) 2:(0.0,30.4,0.0) 3:(0.0,-30.4,0.0) 4:(0.7,0.0,30.4) 5:(0.7,0.0,-30.4) 6:(-29.3,-7.8,0.0) 7:(28.0,-11.6,30.4) 8:(26.3,15.1,-30.4) 9:(-28.0,11.6,30.4) 10:(-0.0,-30.4,-30.4) 11:(-11.6,-28.0,30.4) 12:(11.6,28.0,30.4) 13:(-26.2,15.2,-30.4)
mode=2 n=14 points=0:(55.1,0.0,0.0) 1:(-55.1,0.0,0.0) 2:(0.0,55.1,0.0) 3:(0.0,-55.1,0.0) 4:(1.3,0.0,30.6) 5:(1.3,0.0,-30.6) 6:(-53.2,-14.2,0.0) 7:(50.8,-21.1,30.5) 8:(47.7,27.5,-30.5) 9:(-50.8,21.1,30.5) 10:(-0.0,-55.1,-30.5) 11:(-21.1,-50.8,30.5) 12:(21.1,50.8,30.5) 13:(-47.7,27.5,-30.5)
mode=2 n=14 points=0:(93.9,0.0,0.0) 1:(-93.9,0.0,0.0) 2:(0.0,93.9,0.0) 3:(0.0,-93.9,0.0) 4:(2.2,0.0,14.2) 5:(2.2,0.0,-14.2) 6:(-90.7,-24.3,0.0) 7:(86.8,-36.0,14.2) 8:(81.3,46.9,-14.2) 9:(-86.8,36.0,14.2) 10:(-0.0,-93.9,-14.2) 11:(-36.0,-86.8,14.2) 12:(36.0,86.8,14.2) 13:(-81.3,47.0,-14.2)
mode=2 n=14 points=0:(92.2,2.1,0.0) 1:(-92.9,1.8,0.0) 2:(1.3,94.4,0.0) 3:(2.6,-93.7,0.0) 4:(-2.5,2.3,0.0) 5:(44.9,-18.6,0.0) 6:(-64.7,-68.7,0.0) 7:(67.3,-64.0,0.0) 8:(63.4,65.9,0.0) 9:(-65.1,67.3,0.0) 10:(-14.7,-46.5,0.0) 11:(-56.7,-25.2,0.0) 12:(17.1,47.1,0.0) 13:(-50.0,20.2,0.0)
mode=3 n=14 points=0:(34.1,0.0,0.0) 1:(-34.1,0.9,0.0) 2:(0.8,34.1,0.0) 3:(0.8,-34.1,0.0) 4:(0.8,0.0,29.7) 5:(0.8,0.0,-29.7) 6:(-34.0,-29.8,0.0) 7:(33.0,-33.0,29.7) 8:(34.1,15.3,-29.7) 9:(-33.0,33.0,29.7) 10:(-21.3,-34.1,-29.7) 11:(-33.0,-33.0,29.7) 12:(33.0,33.0,29.7) 13:(-23.0,34.1,-29.7)
mode=3 n=14 points=0:(68.8,0.0,0.0) 1:(-68.8,1.7,0.0) 2:(1.6,68.8,0.0) 3:(1.6,-68.8,0.0) 4:(1.6,0.0,31.6) 5:(1.6,0.0,-31.6) 6:(-68.5,-60.0,0.0) 7:(66.4,-66.4,31.6) 8:(68.8,31.0,-31.6) 9:(-66.4,66.4,31.6) 10:(-42.9,-68.8,-31.6) 11:(-66.4,-66.4,31.6) 12:(66.4,66.4,31.6) 13:(-46.4,68.8,-31.6)
mode=3 n=14 points=0:(71.8,0.0,0.0) 1:(-71.8,1.8,0.0) 2:(1.7,71.8,0.0) 3:(1.7,-71.8,0.0) 4:(1.7,0.0,29.4) 5:(1.7,0.0,-29.4) 6:(-71.6,-62.7,0.0) 7:(69.4,-69.4,29.4) 8:(71.8,32.3,-29.4) 9:(-69.4,69.4,29.4) 10:(-44.8,-71.8,-29.4) 11:(-69.4,-69.4,29.4) 12:(69.4,69.4,29.4) 13:(-48.5,71.8,-29.4)
mode=4 n=14 points=0:(34.5,0.0,0.0) 1:(-34.5,0.9,0.0) 2:(0.8,34.5,0.0) 3:(0.8,-34.5,0.0) 4:(0.0,0.0,30.2) 5:(0.0,0.0,-30.2) 6:(-33.3,33.3,0.0) 7:(14.3,-30.0,15.1) 8:(30.0,-18.7,-15.1) 9:(-15.3,30.0,15.1) 10:(-30.0,-20.2,-15.1) 11:(-30.0,-14.1,15.1) 12:(30.0,14.9,15.1) 13:(-14.5,30.0,-15.1)
mode=4 n=14 points=0:(88.1,0.0,0.0) 1:(-88.1,2.3,0.0) 2:(2.2,88.1,0.0) 3:(2.2,-88.1,0.0) 4:(0.0,0.0,16.6) 5:(0.0,0.0,-16.6) 6:(-85.1,85.1,0.0) 7:(36.5,-76.5,8.3) 8:(76.5,-47.8,-8.3) 9:(-39.2,76.5,8.3) 10:(-76.5,-51.6,-8.3) 11:(-76.5,-36.1,8.3) 12:(76.5,38.1,8.3) 13:(-37.0,76.5,-8.3)
mode=4 n=14 points=0:(47.7,0.0,0.0) 1:(-47.7,1.3,0.0) 2:(1.2,47.7,0.0) 3:(1.2,-47.7,0.0) 4:(0.0,0.0,24.4) 5:(0.0,0.0,-24.4) 6:(-46.1,46.1,0.0) 7:(19.8,-41.5,12.2) 8:(41.5,-25.9,-12.2) 9:(-21.3,41.5,12.2) 10:(-41.5,-28.0,-12.2) 11:(-41.5,-19.5,12.2) 12:(41.5,20.7,12.2) 13:(-20.1,41.5,-12.2)
mode=5 n=14 points=0:(32.3,0.0,0.0) 1:(-32.3,0.0,0.0) 2:(0.0,32.3,0.0) 3:(0.0,-32.3,0.0) 4:(0.0,0.0,32.3) 5:(0.0,0.0,-32.3) 6:(-22.7,22.7,0.0) 7:(6.0,-14.3,16.2) 8:(-13.4,-7.7,-16.2) 9:(-6.0,14.3,16.2) 10:(13.4,-7.7,-16.2) 11:(-14.3,-6.0,16.2) 12:(14.3,6.0,16.2) 13:(0.0,15.6,-16.2)
mode=5 n=14 points=0:(84.2,0.0,0.0) 1:(-84.2,0.0,0.0) 2:(0.0,84.2,0.0) 3:(0.0,-84.2,0.0) 4:(0.0,0.0,29.7) 5:(0.0,0.0,-29.7) 6:(-58.8,58.8,0.0) 7:(15.5,-36.7,14.9) 8:(-34.5,-19.8,-14.9) 9:(-15.5,36.7,14.9) 10:(34.5,-19.8,-14.9) 11:(-36.7,-15.5,14.9) 12:(36.7,15.5,14.9) 13:(-0.0,40.2,-14.9)
mode=5 n=14 points=0:(44.1,0.0,0.0) 1:(-44.1,0.0,0.0) 2:(0.0,44.1,0.0) 3:(0.0,-44.1,0.0) 4:(0.0,0.0,24.9) 5:(0.0,0.0,-24.9) 6:(-30.8,30.8,0.0) 7:(8.1,-19.2,12.4) 8:(-18.1,-10.4,-12.4) 9:(-8.1,19.2,12.4) 10:(18.1,-10.4,-12.4) 11:(-19.2,-8.1,12.4) 12:(19.2,8.1,12.4) 13:(0.0,21.0,-12.4)
mode=5 n=14 points=0:(41.5,0.0,0.0) 1:(-41.5,0.0,0.0) 2:(0.0,41.5,0.0) 3:(0.0,-41.5,0.0) 4:(0.0,0.0,29.4) 5:(0.0,0.0,-29.4) 6:(-29.3,29.3,0.0) 7:(7.9,-18.9,14.7) 8:(-17.7,-10.2,-14.7) 9:(-7.9,18.9,14.7) 10:(17.7,-10.2,-14.7) 11:(-18.9,-7.9,14.7) 12:(18.9,7.9,14.7) 13:(0.0,20.5,-14.7)
mode=5 n=14 points=0:(41.5,0.0,0.0) 1:(-41.5,0.0,0.0) 2:(0.0,41.5,0.0) 3:(0.0,-41.5,0.0) 4:(0.0,0.0,29.4) 5:(0.0,0.0,-29.4) 6:(-29.3,29.3,0.0) 7:(7.9,-18.9,14.7) 8:(-17.7,-10.2,-14.7) 9:(-7.9,18.9,14.7) 10:(17.7,-10.2,-14.7) 11:(-18.9,-7.9,14.7) 12:(18.9,7.9,14.7) 13:(0.0,20.5,-14.7)
^CTraceback (most recent call last):
  File "/home/mia/semester_thesis/iso_swarm/src/pipelines/webcam_main.py", line 22, in <module>
    main()
    ~~~~^^
  File "/home/mia/semester_thesis/iso_swarm/src/runtime/hand_tracking_webcam_modes.py", line 441, in main
    draw_hud(frame, hud_cache["text"], origin=(16, 16))
    ~~~~~~~~^^^^^^^^^^^^^^^^^^^^^^^^^^^^^^^^^^^^^^^^^^^
  File "/home/mia/semester_thesis/iso_swarm/src/shared/common_utils.py", line 44, in draw_hud
    cv2.putText(frame, t, (x, yy), font, font_scale, (0, 255, 255), thickness, cv2.LINE_AA)
    ~~~~~~~~~~~^^^^^^^^^^^^^^^^^^^^^^^^^^^^^^^^^^^^^^^^^^^^^^^^^^^^^^^^^^^^^^^^^^^^^^^^^^^^
KeyboardInterrupt

(crazyflow) mia@mia-Lenovo-Legion-Y7000-2020H:~/semester_thesis/iso_swarm$ python src/pipelines/webcam_main.py
Enter n surface samples (>=6, default 24): ^CTraceback (most recent call last):
  File "/home/mia/semester_thesis/iso_swarm/src/pipelines/webcam_main.py", line 22, in <module>
    main()
    ~~~~^^
  File "/home/mia/semester_thesis/iso_swarm/src/runtime/hand_tracking_webcam_modes.py", line 216, in main
    prompt_and_init_fixed_surface_points()
    ~~~~~~~~~~~~~~~~~~~~~~~~~~~~~~~~~~~~^^
  File "/home/mia/semester_thesis/iso_swarm/src/shared/morph_renderers.py", line 1297, in prompt_and_init_fixed_surface_points
    raw = input(f"Enter n surface samples (>=6, default {int(default_n)}): ").strip()
          ~~~~~^^^^^^^^^^^^^^^^^^^^^^^^^^^^^^^^^^^^^^^^^^^^^^^^^^^^^^^^^^^^^^
KeyboardInterrupt

(crazyflow) mia@mia-Lenovo-Legion-Y7000-2020H:~/semester_thesis/iso_swarm$ pixi run python src/backup/tools/axis6_terminal_trajectory_crazyflow.py --log /home/mia/.cursor/projects/home-mia-semester-thesis/terminals/1.txt
Failed to import warp: No module named 'warp'
Failed to import mujoco_warp: No module named 'warp'
Loaded 19 frames, 14 point trajectories, waypoint_period=1.00s.
Saved trajectory plot to terminal_point_trajectory.png
An NVIDIA GPU may be present on this machine, but a CUDA-enabled jaxlib is not installed. Falling back to cpu.
Takeoff formation radius=0.80m, min_xy_dist=0.36m, z=0.35->0.85m
(crazyflow) mia@mia-Lenovo-Legion-Y7000-2020H:~/semester_thesis/iso_swarm$ pixi run python src/backup/tools/axis6_terminal_trajectory_crazyflow.py --log /home/mia/.cursor/projects/home-mia-semester-thesis/terminals/1.txt --xy-radius 1.6
Failed to import warp: No module named 'warp'
Failed to import mujoco_warp: No module named 'warp'
Loaded 19 frames, 14 point trajectories, waypoint_period=1.00s, xy_radius=1.60m.
Saved trajectory plot to terminal_point_trajectory.png
An NVIDIA GPU may be present on this machine, but a CUDA-enabled jaxlib is not installed. Falling back to cpu.
Takeoff formation radius=0.80m, min_xy_dist=0.36m, z=0.35->0.85m
/home/mia/semester_thesis/iso_swarm/.pixi/envs/default/lib/python3.13/site-packages/glfw/__init__.py:917: GLFWError: (65537) b'The GLFW library is not initialized'
  warnings.warn(message, GLFWError)
^CTraceback (most recent call last):
  File "/home/mia/semester_thesis/iso_swarm/src/backup/tools/axis6_terminal_trajectory_crazyflow.py", line 250, in <module>
    main()
    ~~~~^^
  File "/home/mia/semester_thesis/iso_swarm/src/backup/tools/axis6_terminal_trajectory_crazyflow.py", line 241, in main
    run_crazyflow(
    ~~~~~~~~~~~~~^
        traj,
        ^^^^^
    ...<2 lines>...
        waypoint_period=float(args.waypoint_period),
        ^^^^^^^^^^^^^^^^^^^^^^^^^^^^^^^^^^^^^^^^^^^^
    )
    ^
  File "/home/mia/semester_thesis/iso_swarm/src/backup/tools/axis6_terminal_trajectory_crazyflow.py", line 206, in run_crazyflow
    sim.render()
    ~~~~~~~~~~^^
  File "/home/mia/semester_thesis/iso_swarm/crazyflow/sim/sim.py", line 55, in wrapper
    sim.data, sim.mjx_data = sync_sim2mjx(sim.data, sim.mjx_data, sim.mjx_model)
                             ~~~~~~~~~~~~^^^^^^^^^^^^^^^^^^^^^^^^^^^^^^^^^^^^^^^
  File "/home/mia/semester_thesis/iso_swarm/.pixi/envs/default/lib/python3.13/site-packages/jax/_src/tree_util.py", line 940, in flatten_func_impl
    key_children, treedef = flatten_with_keys(tree)
                            ~~~~~~~~~~~~~~~~~^^^^^^
  File "/home/mia/semester_thesis/iso_swarm/.pixi/envs/default/lib/python3.13/site-packages/mujoco/mjx/_src/dataclasses.py", line 108, in iterate_clz_with_keys
    meta = tuple(to_meta(f, x) for f in meta_fields)
  File "/home/mia/semester_thesis/iso_swarm/.pixi/envs/default/lib/python3.13/site-packages/mujoco/mjx/_src/dataclasses.py", line 108, in <genexpr>
    meta = tuple(to_meta(f, x) for f in meta_fields)
                 ~~~~~~~^^^^^^
  File "/home/mia/semester_thesis/iso_swarm/.pixi/envs/default/lib/python3.13/site-packages/mujoco/mjx/_src/dataclasses.py", line 93, in to_meta
    return _NumPyArrayHashWrapper(val)
  File "/home/mia/semester_thesis/iso_swarm/.pixi/envs/default/lib/python3.13/site-packages/mujoco/mjx/_src/dataclasses.py", line 42, in __init__
    h = hashlib.sha256(contiguous.data.cast('B')).hexdigest()
        ~~~~~~~~~~~~~~^^^^^^^^^^^^^^^^^^^^^^^^^^^
KeyboardInterrupt
(crazyflow) mia@mia-Lenovo-Legion-Y7000-2020H:~/semester_thesis/iso_swarm$ pixi run python src/backup/tools/axis6_terminal_trajectory_crazyflow.py --log /home/mia/.cursor/projects/home-mia-semester-thesis/terminals/1.txt --xy-radius 2.8 --z-center 1.4 --z-min 1.1 --z-max 2.1
Failed to import warp: No module named 'warp'
Failed to import mujoco_warp: No module named 'warp'
Closest target spacing: frame=6, pair=(3,10), dist=0.15m
Loaded 19 frames, 14 point trajectories, waypoint_period=1.00s, xy_radius=2.80m.
Saved trajectory plot to terminal_point_trajectory.png
An NVIDIA GPU may be present on this machine, but a CUDA-enabled jaxlib is not installed. Falling back to cpu.
Takeoff formation radius=1.56m, min_xy_dist=0.69m, z=0.60->1.20m
/home/mia/semester_thesis/iso_swarm/.pixi/envs/default/lib/python3.13/site-packages/glfw/__init__.py:917: GLFWError: (65537) b'The GLFW library is not initialized'
  warnings.warn(message, GLFWError)
(crazyflow) mia@mia-Lenovo-Legion-Y7000-2020H:~/semester_thesis/iso_swarm$ mode=4 n=14 points=0:(89.5,2.0,0.0) 1:(-90.2,1.7,0.0) 2:(1.3,91.6,0.0) 3:(2.5,-90.9,0.0) 4:(1.9,0.0,0.0) 5:(-39.1,43.3,0.0) 6:(-85.1,-90.3,0.0) 7:(88.7,-84.4,0.0) 8:(83.7,87.1,0.0) 9:(-86.0,88.(crazyflow) mia@mia-Lenovo-Legion-Y7000-2020H:~/semester_thesis/iso_swarm$ pixi run python src/backup/tools/axis6_terminal_trajectory_(crazyflow) mia@mia-Lenovo-Legion-Y7000-2020H:~/semester_thesis/iso_swarm$ mode=4 n=14 points=0:(89.5,2.0,0.0) 1:(-90.2,1.7,0.0) 2:(1.3,91.6,0.0) 3:(2.5,-90.9,0.0) 4:(1.9,0.0,0.0) 5:(-39.1,43.3,0.0) 6:(-85.1,-90.3,0.0) 7:(88.7,-84.4,0.0) 8:(83.7,87.1,0.0) 9:(-86.0,88.(crazyflow) mia@mia-Lenovo-Legion-Y7000-2020H:~/semester_thesis/iso_swarm$ pixi run python src/backup/tools/axis6_terminal_trajectory_crazyflow.py --log /home/mia/.cursor/projects/home-mia-semester-thesis/terminals/1.txt --xy-radius 1.2 --z-center 1.4 --z-min 1.1 --z-
max 2.1
Failed to import warp: No module named 'warp'
Failed to import mujoco_warp: No module named 'warp'
Closest target spacing: frame=4, pair=(1,6), dist=0.10m
Loaded 19 frames, 14 point trajectories, waypoint_period=1.00s, xy_radius=1.20m.
Saved trajectory plot to terminal_point_trajectory.png
An NVIDIA GPU may be present on this machine, but a CUDA-enabled jaxlib is not installed. Falling back to cpu.
Takeoff formation radius=1.56m, min_xy_dist=0.69m, z=0.60->1.20m
(crazyflow) mia@mia-Lenovo-Legion-Y7000-2020H:~/semester_thesis/iso_swarm$ python src/pipelines/webcam_main.py
Enter n surface samples (>=6, default 24): 14
Fixed surface samples initialized: n=14 (first 6 are axis seeds).
WARNING: All log messages before absl::InitializeLog() is called are written to STDERR
I0000 00:00:1777225448.349392   24918 gl_context_egl.cc:85] Successfully initialized EGL. Major : 1 Minor: 5
I0000 00:00:1777225448.351791   24935 gl_context.cc:385] GL version: 3.2 (OpenGL ES 3.2 Mesa 25.2.8-0ubuntu0.24.04.1), renderer: Mesa Intel(R) UHD Graphics (CML GT2)
INFO: Created TensorFlow Lite XNNPACK delegate for CPU.
W0000 00:00:1777225448.370743   24929 inference_feedback_manager.cc:114] Feedback manager requires a model with a single signature inference. Disabling support for feedback tensors.
W0000 00:00:1777225448.380756   24926 inference_feedback_manager.cc:114] Feedback manager requires a model with a single signature inference. Disabling support for feedback tensors.
Left hand = MODE (1–5). Right hand = OPEN / shape morph.  q=quit p=3D s=save
W0000 00:00:1777225448.779875   24922 landmark_projection_calculator.cc:78] Using NORM_RECT without IMAGE_DIMENSIONS is only supported for the square ROI. Provide IMAGE_DIMENSIONS or use PROJECTION_MATRIX.
QFontDatabase: Cannot find font directory /home/mia/semester_thesis/iso_swarm/.pixi/envs/default/lib/python3.13/site-packages/cv2/qt/fonts.
Note that Qt no longer ships fonts. Deploy some (from https://dejavu-fonts.github.io/ for example) or switch to fontconfig.
QFontDatabase: Cannot find font directory /home/mia/semester_thesis/iso_swarm/.pixi/envs/default/lib/python3.13/site-packages/cv2/qt/fonts.
Note that Qt no longer ships fonts. Deploy some (from https://dejavu-fonts.github.io/ for example) or switch to fontconfig.
QFontDatabase: Cannot find font directory /home/mia/semester_thesis/iso_swarm/.pixi/envs/default/lib/python3.13/site-packages/cv2/qt/fonts.
Note that Qt no longer ships fonts. Deploy some (from https://dejavu-fonts.github.io/ for example) or switch to fontconfig.
QFontDatabase: Cannot find font directory /home/mia/semester_thesis/iso_swarm/.pixi/envs/default/lib/python3.13/site-packages/cv2/qt/fonts.
Note that Qt no longer ships fonts. Deploy some (from https://dejavu-fonts.github.io/ for example) or switch to fontconfig.
QFontDatabase: Cannot find font directory /home/mia/semester_thesis/iso_swarm/.pixi/envs/default/lib/python3.13/site-packages/cv2/qt/fonts.
Note that Qt no longer ships fonts. Deploy some (from https://dejavu-fonts.github.io/ for example) or switch to fontconfig.
mode=4 n=14 points=0:(29.2,0.0,0.0) 1:(-29.2,0.9,0.0) 2:(0.8,29.2,0.0) 3:(0.8,-29.2,0.0) 4:(0.0,0.0,29.2) 5:(0.0,0.0,-29.2) 6:(-28.2,28.2,0.0) 7:(12.4,-25.7,14.6) 8:(-25.7,-17.4,-14.6) 9:(-13.5,25.7,14.6) 10:(25.7,-16.3,-14.6) 11:(-25.7,-12.2,14.6) 12:(25.7,13.0,14.6) 13:(-12.9,25.7,-14.6)
mode=1 n=14 points=0:(30.6,0.0,0.0) 1:(-30.6,0.0,0.0) 2:(0.0,30.6,0.0) 3:(0.0,-30.6,0.0) 4:(0.0,0.0,30.6) 5:(0.0,0.0,-30.6) 6:(-19.8,-20.4,-8.3) 7:(17.5,-17.6,15.7) 8:(17.4,16.0,-17.5) 9:(-16.0,19.6,15.0) 10:(13.2,-18.2,-19.0) 11:(-18.1,-11.1,20.5) 12:(17.9,16.5,16.5) 13:(-17.2,14.8,-18.8)
mode=1 n=14 points=0:(90.3,0.0,0.0) 1:(-90.3,0.0,0.0) 2:(0.0,90.3,0.0) 3:(0.0,-90.3,0.0) 4:(0.0,0.0,14.2) 5:(0.0,0.0,-14.2) 6:(-58.5,-60.3,-3.9) 7:(51.9,-52.1,7.3) 8:(51.5,47.5,-8.1) 9:(-47.3,58.1,7.0) 10:(39.2,-53.9,-8.8) 11:(-53.5,-32.9,9.6) 12:(52.8,48.9,7.7) 13:(-50.8,43.9,-8.7)
mode=1 n=14 points=0:(61.2,0.0,0.0) 1:(-61.2,0.0,0.0) 2:(0.0,61.2,0.0) 3:(0.0,-61.2,0.0) 4:(0.0,0.0,21.8) 5:(0.0,0.0,-21.8) 6:(-39.6,-40.9,-5.9) 7:(35.2,-35.3,11.2) 8:(34.9,32.1,-12.5) 9:(-32.0,39.3,10.7) 10:(26.5,-36.5,-13.5) 11:(-36.2,-22.2,14.6) 12:(35.8,33.1,11.8) 13:(-34.4,29.7,-13.4)
mode=1 n=14 points=0:(31.2,0.0,0.0) 1:(-31.2,0.0,0.0) 2:(0.0,31.2,0.0) 3:(0.0,-31.2,0.0) 4:(0.0,0.0,31.2) 5:(0.0,0.0,-31.2) 6:(-20.2,-20.8,-8.5) 7:(17.9,-18.0,16.1) 8:(17.8,16.4,-17.8) 9:(-16.3,20.0,15.3) 10:(13.5,-18.6,-19.4) 11:(-18.4,-11.3,21.0) 12:(18.2,16.9,16.9) 13:(-17.5,15.1,-19.1)
mode=2 n=14 points=0:(31.4,0.0,0.0) 1:(-31.4,0.0,0.0) 2:(0.0,31.4,0.0) 3:(0.0,-31.4,0.0) 4:(0.6,0.0,31.4) 5:(0.6,0.0,-31.4) 6:(-30.3,-7.7,0.0) 7:(28.7,-12.2,31.4) 8:(27.1,15.3,-31.4) 9:(-28.7,12.2,31.4) 10:(-0.2,-31.4,-31.4) 11:(-12.2,-28.7,31.4) 12:(12.2,28.7,31.4) 13:(-26.8,15.7,-31.4)
mode=2 n=14 points=0:(46.3,0.0,0.0) 1:(-46.3,0.0,0.0) 2:(0.0,46.3,0.0) 3:(0.0,-46.3,0.0) 4:(1.0,0.0,27.2) 5:(1.0,0.0,-27.2) 6:(-44.6,-11.3,0.0) 7:(42.2,-17.9,27.2) 8:(39.9,22.5,-27.2) 9:(-42.2,17.9,27.2) 10:(-0.4,-46.3,-27.2) 11:(-17.9,-42.2,27.2) 12:(17.9,42.2,27.2) 13:(-39.5,23.1,-27.2)
mode=2 n=14 points=0:(63.5,0.0,0.0) 1:(-63.5,0.0,0.0) 2:(0.0,63.5,0.0) 3:(0.0,-63.5,0.0) 4:(1.3,0.0,29.5) 5:(1.3,0.0,-29.5) 6:(-61.2,-15.5,0.0) 7:(57.9,-24.6,29.5) 8:(54.7,30.8,-29.5) 9:(-57.9,24.6,29.5) 10:(-0.5,-63.5,-29.5) 11:(-24.6,-57.9,29.5) 12:(24.6,57.9,29.5) 13:(-54.1,31.7,-29.5)
mode=2 n=14 points=0:(85.5,0.0,0.0) 1:(-85.5,0.0,0.0) 2:(0.0,85.5,0.0) 3:(0.0,-85.5,0.0) 4:(1.7,0.0,14.2) 5:(1.7,0.0,-14.2) 6:(-82.5,-20.9,0.0) 7:(78.0,-33.2,14.2) 8:(73.6,41.5,-14.2) 9:(-78.0,33.2,14.2) 10:(-0.7,-85.5,-14.2) 11:(-33.2,-78.0,14.2) 12:(33.2,78.0,14.2) 13:(-72.9,42.8,-14.2)
mode=2 n=14 points=0:(78.0,0.0,0.0) 1:(-78.0,0.0,0.0) 2:(0.0,78.0,0.0) 3:(0.0,-78.0,0.0) 4:(1.6,0.0,14.1) 5:(1.6,0.0,-14.1) 6:(-75.3,-19.2,0.0) 7:(71.2,-30.2,14.1) 8:(67.2,38.0,-14.1) 9:(-71.2,30.2,14.1) 10:(-0.6,-78.0,-14.1) 11:(-30.2,-71.2,14.1) 12:(30.2,71.2,14.1) 13:(-66.6,39.0,-14.1)
mode=2 n=14 points=0:(36.9,0.0,0.0) 1:(-36.9,0.0,0.0) 2:(0.0,36.9,0.0) 3:(0.0,-36.9,0.0) 4:(0.8,0.0,27.4) 5:(0.8,0.0,-27.4) 6:(-35.6,-9.0,0.0) 7:(33.6,-14.3,27.4) 8:(31.7,17.9,-27.4) 9:(-33.6,14.3,27.4) 10:(-0.3,-36.9,-27.4) 11:(-14.3,-33.6,27.4) 12:(14.3,33.6,27.4) 13:(-31.4,18.4,-27.4)
mode=3 n=14 points=0:(31.4,0.0,0.0) 1:(-31.4,0.7,0.0) 2:(0.7,31.4,0.0) 3:(0.7,-31.4,0.0) 4:(0.7,0.0,31.4) 5:(0.7,0.0,-31.4) 6:(-31.3,-27.3,0.0) 7:(30.3,-30.3,31.4) 8:(31.4,13.7,-31.4) 9:(-30.3,30.3,31.4) 10:(-19.8,-31.4,-31.4) 11:(-30.3,-30.3,31.4) 12:(30.3,30.3,31.4) 13:(-21.1,31.4,-31.4)
mode=3 n=14 points=0:(30.8,0.0,0.0) 1:(-30.8,0.7,0.0) 2:(0.6,30.8,0.0) 3:(0.6,-30.8,0.0) 4:(0.6,0.0,30.8) 5:(0.6,0.0,-30.8) 6:(-30.7,-26.8,0.0) 7:(29.7,-29.7,30.8) 8:(30.8,13.4,-30.8) 9:(-29.7,29.7,30.8) 10:(-19.3,-30.8,-30.8) 11:(-29.7,-29.7,30.8) 12:(29.7,29.7,30.8) 13:(-20.7,30.8,-30.8)
mode=3 n=14 points=0:(87.1,0.0,0.0) 1:(-87.1,1.9,0.0) 2:(1.8,87.1,0.0) 3:(1.8,-87.1,0.0) 4:(1.8,0.0,12.9) 5:(1.8,0.0,-12.9) 6:(-86.8,-75.6,0.0) 7:(84.0,-84.0,12.9) 8:(87.1,37.7,-12.9) 9:(-84.0,84.0,12.9) 10:(-54.8,-87.1,-12.9) 11:(-84.0,-84.0,12.9) 12:(84.0,84.0,12.9) 13:(-58.5,87.1,-12.9)
mode=3 n=14 points=0:(92.6,0.0,0.0) 1:(-92.6,2.1,0.0) 2:(1.9,92.6,0.0) 3:(1.9,-92.6,0.0) 4:(1.9,0.0,11.3) 5:(1.9,0.0,-11.3) 6:(-92.3,-80.5,0.0) 7:(89.3,-89.3,11.3) 8:(92.6,40.3,-11.3) 9:(-89.3,89.3,11.3) 10:(-58.2,-92.6,-11.3) 11:(-89.3,-89.3,11.3) 12:(89.3,89.3,11.3) 13:(-62.2,92.6,-11.3)
mode=3 n=14 points=0:(89.3,2.0,0.0) 1:(-89.9,1.7,0.0) 2:(1.3,91.3,0.0) 3:(2.5,-90.7,0.0) 4:(1.9,0.0,0.0) 5:(-39.0,43.2,0.0) 6:(-84.9,-90.1,0.0) 7:(88.5,-84.2,0.0) 8:(83.5,86.8,0.0) 9:(-85.8,88.7,0.0) 10:(46.0,-42.4,0.0) 11:(-43.6,-43.2,0.0) 12:(45.9,41.9,0.0) 13:(-91.1,-45.7,0.0)
mode=3 n=14 points=0:(38.0,0.0,0.0) 1:(-38.0,0.9,0.0) 2:(0.8,38.0,0.0) 3:(0.8,-38.0,0.0) 4:(0.8,0.0,28.5) 5:(0.8,0.0,-28.5) 6:(-37.8,-33.0,0.0) 7:(36.6,-36.6,28.5) 8:(38.0,16.6,-28.5) 9:(-36.6,36.6,28.5) 10:(-23.9,-38.0,-28.5) 11:(-36.6,-36.6,28.5) 12:(36.6,36.6,28.5) 13:(-25.5,38.0,-28.5)
mode=4 n=14 points=0:(32.3,0.0,0.0) 1:(-32.3,0.7,0.0) 2:(0.7,32.3,0.0) 3:(0.7,-32.3,0.0) 4:(0.0,0.0,32.3) 5:(0.0,0.0,-32.3) 6:(-31.2,31.2,0.0) 7:(13.0,-27.7,16.2) 8:(-27.7,-18.6,-16.2) 9:(-13.9,27.7,16.2) 10:(27.7,-17.4,-16.2) 11:(-27.7,-12.9,16.2) 12:(27.7,13.5,16.2) 13:(-12.9,27.7,-16.2)
mode=4 n=14 points=0:(67.3,0.0,0.0) 1:(-67.3,1.6,0.0) 2:(1.5,67.3,0.0) 3:(1.5,-67.3,0.0) 4:(0.0,0.0,32.2) 5:(0.0,0.0,-32.2) 6:(-64.9,64.9,0.0) 7:(27.2,-57.8,16.1) 8:(-57.8,-38.8,-16.1) 9:(-29.0,57.8,16.1) 10:(57.8,-36.3,-16.1) 11:(-57.8,-27.0,16.1) 12:(57.8,28.3,16.1) 13:(-27.0,57.8,-16.1)
mode=4 n=14 points=0:(90.4,0.0,0.0) 1:(-90.4,2.1,0.0) 2:(2.0,90.4,0.0) 3:(2.0,-90.4,0.0) 4:(0.0,0.0,14.3) 5:(0.0,0.0,-14.3) 6:(-87.3,87.3,0.0) 7:(36.6,-77.6,7.1) 8:(-77.6,-52.1,-7.1) 9:(-39.0,77.6,7.1) 10:(77.6,-48.8,-7.1) 11:(-77.6,-36.2,7.1) 12:(77.6,38.0,7.1) 13:(-36.3,77.6,-7.1)
mode=4 n=14 points=0:(55.3,0.0,0.0) 1:(-55.3,1.3,0.0) 2:(1.3,55.3,0.0) 3:(1.3,-55.3,0.0) 4:(0.0,0.0,30.5) 5:(0.0,0.0,-30.5) 6:(-53.4,53.4,0.0) 7:(22.5,-47.7,15.3) 8:(-47.7,-32.0,-15.3) 9:(-24.1,47.7,15.3) 10:(47.7,-29.9,-15.3) 11:(-47.7,-22.3,15.3) 12:(47.7,23.5,15.3) 13:(-22.5,47.7,-15.3)
mode=4 n=14 points=0:(33.2,0.0,0.0) 1:(-33.2,0.8,0.0) 2:(0.8,33.2,0.0) 3:(0.8,-33.2,0.0) 4:(0.0,0.0,33.2) 5:(0.0,0.0,-33.2) 6:(-32.1,32.1,0.0) 7:(13.5,-28.6,16.6) 8:(-28.6,-19.2,-16.6) 9:(-14.5,28.6,16.6) 10:(28.6,-18.0,-16.6) 11:(-28.6,-13.4,16.6) 12:(28.6,14.1,16.6) 13:(-13.6,28.6,-16.6)
mode=5 n=14 points=0:(32.7,0.0,0.0) 1:(-32.7,0.0,0.0) 2:(0.0,32.7,0.0) 3:(0.0,-32.7,0.0) 4:(0.0,0.0,32.7) 5:(0.0,0.0,-32.7) 6:(-22.7,22.7,0.0) 7:(5.9,-13.8,16.4) 8:(-13.0,-7.5,-16.4) 9:(-5.9,13.8,16.4) 10:(13.0,-7.5,-16.4) 11:(-13.8,-5.9,16.4) 12:(13.8,5.9,16.4) 13:(-0.0,15.2,-16.4)
mode=5 n=14 points=0:(58.5,0.0,0.0) 1:(-58.5,0.0,0.0) 2:(0.0,58.5,0.0) 3:(0.0,-58.5,0.0) 4:(0.0,0.0,30.9) 5:(0.0,0.0,-30.9) 6:(-40.6,40.6,0.0) 7:(10.6,-24.7,15.5) 8:(-23.2,-13.4,-15.5) 9:(-10.6,24.7,15.5) 10:(23.2,-13.4,-15.5) 11:(-24.7,-10.6,15.5) 12:(24.7,10.6,15.5) 13:(-0.0,27.2,-15.5)
mode=5 n=14 points=0:(88.5,0.0,0.0) 1:(-88.5,0.0,0.0) 2:(0.0,88.5,0.0) 3:(0.0,-88.5,0.0) 4:(0.0,0.0,17.0) 5:(0.0,0.0,-17.0) 6:(-61.5,61.5,0.0) 7:(16.0,-37.5,8.5) 8:(-35.3,-20.3,-8.5) 9:(-16.0,37.5,8.5) 10:(35.3,-20.3,-8.5) 11:(-37.5,-16.0,8.5) 12:(37.5,16.0,8.5) 13:(-0.0,41.3,-8.5)
mode=5 n=14 points=0:(34.0,0.0,0.0) 1:(-34.0,0.0,0.0) 2:(0.0,34.0,0.0) 3:(0.0,-34.0,0.0) 4:(0.0,0.0,34.0) 5:(0.0,0.0,-34.0) 6:(-23.6,23.6,0.0) 7:(6.2,-14.5,17.0) 8:(-13.6,-7.8,-17.0) 9:(-6.2,14.5,17.0) 10:(13.6,-7.8,-17.0) 11:(-14.5,-6.2,17.0) 12:(14.5,6.2,17.0) 13:(0.0,15.9,-17.0)
mode=5 n=14 points=0:(35.5,0.0,0.0) 1:(-35.5,0.0,0.0) 2:(0.0,35.5,0.0) 3:(0.0,-35.5,0.0) 4:(0.0,0.0,25.8) 5:(0.0,0.0,-25.8) 6:(-24.9,24.9,0.0) 7:(6.6,-15.7,12.9) 8:(-14.8,-8.5,-12.9) 9:(-6.6,15.7,12.9) 10:(14.8,-8.5,-12.9) 11:(-15.7,-6.6,12.9) 12:(15.7,6.6,12.9) 13:(0.0,17.2,-12.9)
mode=5 n=14 points=0:(35.5,0.0,0.0) 1:(-35.5,0.0,0.0) 2:(0.0,35.5,0.0) 3:(0.0,-35.5,0.0) 4:(0.0,0.0,25.8) 5:(0.0,0.0,-25.8) 6:(-24.9,24.9,0.0) 7:(6.6,-15.7,12.9) 8:(-14.8,-8.5,-12.9) 9:(-6.6,15.7,12.9) 10:(14.8,-8.5,-12.9) 11:(-15.7,-6.6,12.9) 12:(15.7,6.6,12.9) 13:(0.0,17.2,-12.9)
^CTraceback (most recent call last):
  File "/home/mia/semester_thesis/iso_swarm/src/pipelines/webcam_main.py", line 22, in <module>
    main()
    ~~~~^^
  File "/home/mia/semester_thesis/iso_swarm/src/runtime/hand_tracking_webcam_modes.py", line 379, in main
    fig.canvas.flush_events()
    ~~~~~~~~~~~~~~~~~~~~~~~^^
  File "/home/mia/semester_thesis/iso_swarm/.pixi/envs/default/lib/python3.13/site-packages/matplotlib/backends/backend_qt.py", line 466, in flush_events
    QtWidgets.QApplication.instance().processEvents()
    ~~~~~~~~~~~~~~~~~~~~~~~~~~~~~~~~~~~~~~~~~~~~~~~^^
  File "/home/mia/semester_thesis/iso_swarm/.pixi/envs/default/lib/python3.13/site-packages/matplotlib/backends/backend_qt.py", line 523, in _draw_idle
    self.draw()
    ~~~~~~~~~^^
  File "/home/mia/semester_thesis/iso_swarm/.pixi/envs/default/lib/python3.13/site-packages/matplotlib/backends/backend_agg.py", line 382, in draw
    self.figure.draw(self.renderer)
    ~~~~~~~~~~~~~~~~^^^^^^^^^^^^^^^
  File "/home/mia/semester_thesis/iso_swarm/.pixi/envs/default/lib/python3.13/site-packages/matplotlib/artist.py", line 94, in draw_wrapper
    result = draw(artist, renderer, *args, **kwargs)
  File "/home/mia/semester_thesis/iso_swarm/.pixi/envs/default/lib/python3.13/site-packages/matplotlib/artist.py", line 71, in draw_wrapper
    return draw(artist, renderer)
  File "/home/mia/semester_thesis/iso_swarm/.pixi/envs/default/lib/python3.13/site-packages/matplotlib/figure.py", line 3257, in draw
    mimage._draw_list_compositing_images(
    ~~~~~~~~~~~~~~~~~~~~~~~~~~~~~~~~~~~~^
        renderer, self, artists, self.suppressComposite)
        ^^^^^^^^^^^^^^^^^^^^^^^^^^^^^^^^^^^^^^^^^^^^^^^^
  File "/home/mia/semester_thesis/iso_swarm/.pixi/envs/default/lib/python3.13/site-packages/matplotlib/image.py", line 134, in _draw_list_compositing_images
    a.draw(renderer)
    ~~~~~~^^^^^^^^^^
  File "/home/mia/semester_thesis/iso_swarm/.pixi/envs/default/lib/python3.13/site-packages/matplotlib/artist.py", line 71, in draw_wrapper
    return draw(artist, renderer)
  File "/home/mia/semester_thesis/iso_swarm/.pixi/envs/default/lib/python3.13/site-packages/mpl_toolkits/mplot3d/axes3d.py", line 464, in draw
    axis.draw_grid(renderer)
    ~~~~~~~~~~~~~~^^^^^^^^^^
  File "/home/mia/semester_thesis/iso_swarm/.pixi/envs/default/lib/python3.13/site-packages/matplotlib/artist.py", line 71, in draw_wrapper
    return draw(artist, renderer)
  File "/home/mia/semester_thesis/iso_swarm/.pixi/envs/default/lib/python3.13/site-packages/mpl_toolkits/mplot3d/axis3d.py", line 639, in draw_grid
    ticks = self._update_ticks()
  File "/home/mia/semester_thesis/iso_swarm/.pixi/envs/default/lib/python3.13/site-packages/matplotlib/axis.py", line 1283, in _update_ticks
    major_ticks = self.get_major_ticks(len(major_locs))
  File "/home/mia/semester_thesis/iso_swarm/.pixi/envs/default/lib/python3.13/site-packages/mpl_toolkits/mplot3d/axis3d.py", line 174, in get_major_ticks
    ticks = super().get_major_ticks(numticks)
  File "/home/mia/semester_thesis/iso_swarm/.pixi/envs/default/lib/python3.13/site-packages/matplotlib/axis.py", line 1664, in get_major_ticks
    tick = self._get_tick(major=True)
  File "/home/mia/semester_thesis/iso_swarm/.pixi/envs/default/lib/python3.13/site-packages/matplotlib/axis.py", line 1592, in _get_tick
    return self._tick_class(self.axes, 0, major=major, **tick_kw)
           ~~~~~~~~~~~~~~~~^^^^^^^^^^^^^^^^^^^^^^^^^^^^^^^^^^^^^^
  File "/home/mia/semester_thesis/iso_swarm/.pixi/envs/default/lib/python3.13/site-packages/matplotlib/axis.py", line 368, in __init__
    super().__init__(*args, **kwargs)
    ~~~~~~~~~~~~~~~~^^^^^^^^^^^^^^^^^
  File "/home/mia/semester_thesis/iso_swarm/.pixi/envs/default/lib/python3.13/site-packages/matplotlib/axis.py", line 185, in __init__
    self._set_artist_props(artist)
    ~~~~~~~~~~~~~~~~~~~~~~^^^^^^^^
  File "/home/mia/semester_thesis/iso_swarm/.pixi/envs/default/lib/python3.13/site-packages/matplotlib/axis.py", line 294, in _set_artist_props
    a.set_figure(self.get_figure(root=False))
    ~~~~~~~~~~~~^^^^^^^^^^^^^^^^^^^^^^^^^^^^^
  File "/home/mia/semester_thesis/iso_swarm/.pixi/envs/default/lib/python3.13/site-packages/matplotlib/artist.py", line 759, in set_figure
    self.pchanged()
    ~~~~~~~~~~~~~^^
  File "/home/mia/semester_thesis/iso_swarm/.pixi/envs/default/lib/python3.13/site-packages/matplotlib/artist.py", line 425, in pchanged
    self._callbacks.process("pchanged")
    ~~~~~~~~~~~~~~~~~~~~~~~^^^^^^^^^^^^
  File "/home/mia/semester_thesis/iso_swarm/.pixi/envs/default/lib/python3.13/site-packages/matplotlib/cbook.py", line 356, in process
    _api.check_in_list(self._signals, signal=s)
    ~~~~~~~~~~~~~~~~~~^^^^^^^^^^^^^^^^^^^^^^^^^
  File "/home/mia/semester_thesis/iso_swarm/.pixi/envs/default/lib/python3.13/site-packages/matplotlib/_api/__init__.py", line 140, in check_in_list
    if not exists:
           ^^^^^^
KeyboardInterrupt

(crazyflow) mia@mia-Lenovo-Legion-Y7000-2020H:~/semester_thesis/iso_swarm$ pixi run python src/offline_control.py --log /home/mia/.cursor/projects/home-mia-semester-thesis/terminals/1.txt
Failed to import warp: No module named 'warp'
Failed to import mujoco_warp: No module named 'warp'
Closest target spacing: frame=24, pair=(1,6), dist=0.10m
Loaded 47 frames, 14 point trajectories, waypoint_period=1.00s, xy_radius=1.20m.
Saved trajectory plot to offline_control_trajectory.png
An NVIDIA GPU may be present on this machine, but a CUDA-enabled jaxlib is not installed. Falling back to cpu.
Takeoff formation radius=1.56m, min_xy_dist=0.69m, z=0.60->1.20m
(crazyflow) mia@mia-Lenovo-Legion-Y7000-2020H:~/semester_thesis/iso_swarm$ pixi run python src/offline_control.py --log text2.txt
Failed to import warp: No module named 'warp'
Failed to import mujoco_warp: No module named 'warp'
Closest target spacing: frame=4, pair=(1,6), dist=0.10m
Loaded 27 frames, 14 point trajectories, waypoint_period=1.00s, xy_radius=1.20m.
Saved trajectory plot to offline_control_trajectory.png
An NVIDIA GPU may be present on this machine, but a CUDA-enabled jaxlib is not installed. Falling back to cpu.
Takeoff formation radius=1.56m, min_xy_dist=0.69m, z=0.60->1.20m
/home/mia/semester_thesis/iso_swarm/.pixi/envs/default/lib/python3.13/site-packages/glfw/__init__.py:917: GLFWError: (65537) b'The GLFW library is not initialized'
  warnings.warn(message, GLFWError)
(crazyflow) mia@mia-Lenovo-Legion-Y7000-2020H:~/semester_thesis/iso_swarm$