mode=1 n=24 points=0:(29.9,0.0,0.0) 1:(-29.9,0.0,0.0) 2:(0.0,29.9,0.0) 3:(0.0,-29.9,0.0) 4:(0.0,0.0,29.9) 5:(0.0,0.0,-29.9) 6:(-17.0,-20.7,10.7) 7:(20.9,-20.3,0.4) 8:(5.9,19.5,-20.6) 9:(17.3,22.1,7.1) 10:(-6.5,-18.3,-21.5) 11:(-19.4,-3.5,21.3) 12:(0.3,20.3,20.9) 13:(-21.2,-0.2,-20.0) 14:(11.5,-20.3,-16.8) 15:(-20.7,20.5,-1.3) 16:(22.3,15.4,-9.9) 17:(-21.2,-18.4,-7.1) 18:(19.2,6.4,20.7) 19:(-18.2,14.7,16.6) 20:(-12.2,17.8,-19.0) 21:(20.0,-2.0,-21.0) 22:(0.7,-20.5,20.7) 23:(18.7,-11.9,18.3)
mode=1 n=24 points=0:(80.8,0.0,0.0) 1:(-80.8,0.0,0.0) 2:(0.0,80.8,0.0) 3:(0.0,-80.8,0.0) 4:(0.0,0.0,15.7) 5:(0.0,0.0,-15.7) 6:(-45.9,-55.8,5.6) 7:(56.4,-54.9,0.2) 8:(15.9,52.7,-10.8) 9:(46.7,59.7,3.7) 10:(-17.4,-49.3,-11.3) 11:(-52.5,-9.5,11.2) 12:(0.8,54.9,11.0) 13:(-57.3,-0.6,-10.5) 14:(31.2,-54.8,-8.8) 15:(-55.9,55.3,-0.7) 16:(60.3,41.6,-5.2) 17:(-57.2,-49.7,-3.7) 18:(51.9,17.4,10.8) 19:(-49.0,39.8,8.7) 20:(-33.0,48.0,-10.0) 21:(54.2,-5.4,-11.0) 22:(1.8,-55.4,10.8) 23:(50.6,-32.2,9.6)
mode=1 n=24 points=0:(83.7,0.0,0.0) 1:(-83.7,0.0,0.0) 2:(0.0,83.7,0.0) 3:(0.0,-83.7,0.0) 4:(0.0,0.0,16.6) 5:(0.0,0.0,-16.6) 6:(-47.5,-57.8,5.9) 7:(58.3,-56.8,0.2) 8:(16.4,54.6,-11.4) 9:(48.4,61.8,3.9) 10:(-18.1,-51.1,-11.9) 11:(-54.4,-9.9,11.8) 12:(0.8,56.8,11.6) 13:(-59.3,-0.7,-11.1) 14:(32.3,-56.7,-9.3) 15:(-57.8,57.2,-0.7) 16:(62.4,43.1,-5.5) 17:(-59.2,-51.4,-3.9) 18:(53.7,18.0,11.4) 19:(-50.8,41.2,9.2) 20:(-34.2,49.7,-10.5) 21:(56.0,-5.6,-11.6) 22:(1.9,-57.4,11.4) 23:(52.3,-33.3,10.1)
mode=1 n=24 points=0:(59.9,0.0,0.0) 1:(-59.9,0.0,0.0) 2:(0.0,59.9,0.0) 3:(0.0,-59.9,0.0) 4:(0.0,0.0,26.1) 5:(0.0,0.0,-26.1) 6:(-33.9,-41.4,9.3) 7:(41.7,-40.7,0.4) 8:(11.7,39.0,-17.9) 9:(34.6,44.2,6.1) 10:(-12.9,-36.5,-18.8) 11:(-38.9,-7.0,18.6) 12:(0.6,40.7,18.2) 13:(-42.4,-0.5,-17.4) 14:(23.1,-40.6,-14.7) 15:(-41.4,40.9,-1.1) 16:(44.6,30.8,-8.6) 17:(-42.4,-36.8,-6.1) 18:(38.4,12.9,18.0) 19:(-36.3,29.5,14.5) 20:(-24.4,35.5,-16.6) 21:(40.1,-4.0,-18.3) 22:(1.3,-41.1,18.0) 23:(37.4,-23.8,15.9)
mode=1 n=24 points=0:(32.1,0.0,0.0) 1:(-32.1,0.0,0.0) 2:(0.0,32.1,0.0) 3:(0.0,-32.1,0.0) 4:(0.0,0.0,32.1) 5:(0.0,0.0,-32.1) 6:(-18.2,-22.2,11.5) 7:(22.4,-21.8,0.5) 8:(6.3,20.9,-22.1) 9:(18.6,23.7,7.6) 10:(-6.9,-19.6,-23.1) 11:(-20.9,-3.8,22.9) 12:(0.3,21.8,22.4) 13:(-22.8,-0.2,-21.4) 14:(12.4,-21.8,-18.1) 15:(-22.2,22.0,-1.4) 16:(23.9,16.5,-10.6) 17:(-22.7,-19.7,-7.6) 18:(20.6,6.9,22.2) 19:(-19.5,15.8,17.8) 20:(-13.1,19.1,-20.4) 21:(21.5,-2.1,-22.5) 22:(0.7,-22.0,22.2) 23:(20.1,-12.8,19.6)
mode=2 n=24 points=0:(32.6,0.0,0.0) 1:(-32.6,0.0,0.0) 2:(0.0,32.6,0.0) 3:(0.0,-32.6,0.0) 4:(0.6,0.0,32.6) 5:(0.6,0.0,-32.6) 6:(22.7,22.7,0.0) 7:(-8.3,31.3,0.0) 8:(-15.8,28.1,-32.6) 9:(-22.7,-22.7,0.0) 10:(15.8,-28.1,-32.6) 11:(-16.3,-27.7,32.6) 12:(-15.8,28.1,32.6) 13:(-16.3,-27.7,-32.6) 14:(32.6,-0.3,-32.6) 15:(8.3,-31.3,0.0) 16:(-31.3,8.3,0.0) 17:(31.3,-8.3,0.0) 18:(16.3,27.7,32.6) 19:(-32.6,0.3,32.6) 20:(-32.6,0.3,-32.6) 21:(16.3,27.7,-32.6) 22:(15.8,-28.1,32.6) 23:(32.6,-0.3,32.6)
mode=2 n=24 points=0:(86.4,0.0,0.0) 1:(-86.4,0.0,0.0) 2:(0.0,86.4,0.0) 3:(0.0,-86.4,0.0) 4:(1.7,0.0,15.4) 5:(1.7,0.0,-15.4) 6:(60.1,60.1,0.0) 7:(-22.1,83.0,0.0) 8:(-60.1,60.1,-15.4) 9:(-60.1,-60.1,0.0) 10:(60.1,-60.1,-15.4) 11:(-22.1,-83.0,15.4) 12:(-60.1,60.1,15.4) 13:(-22.1,-83.0,-15.4) 14:(83.0,22.1,-15.4) 15:(22.1,-83.0,0.0) 16:(-83.0,22.1,0.0) 17:(83.0,-22.1,0.0) 18:(22.1,83.0,15.4) 19:(-83.0,-22.1,15.4) 20:(-83.0,-22.1,-15.4) 21:(22.1,83.0,-15.4) 22:(60.1,-60.1,15.4) 23:(83.0,22.1,15.4)
mode=2 n=24 points=0:(71.9,0.0,0.0) 1:(-71.9,0.0,0.0) 2:(0.0,71.9,0.0) 3:(0.0,-71.9,0.0) 4:(1.4,0.0,25.3) 5:(1.4,0.0,-25.3) 6:(49.9,49.9,0.0) 7:(-18.3,69.0,0.0) 8:(-49.9,49.9,-25.3) 9:(-49.9,-49.9,0.0) 10:(49.9,-49.9,-25.3) 11:(-18.3,-69.0,25.3) 12:(-49.9,49.9,25.3) 13:(-18.3,-69.0,-25.3) 14:(69.0,18.3,-25.3) 15:(18.3,-69.0,0.0) 16:(-69.0,18.3,0.0) 17:(69.0,-18.3,0.0) 18:(18.3,69.0,25.3) 19:(-69.0,-18.3,25.3) 20:(-69.0,-18.3,-25.3) 21:(18.3,69.0,-25.3) 22:(49.9,-49.9,25.3) 23:(69.0,18.3,25.3)
mode=2 n=24 points=0:(36.9,0.0,0.0) 1:(-36.9,0.0,0.0) 2:(0.0,36.9,0.0) 3:(0.0,-36.9,0.0) 4:(0.7,0.0,31.2) 5:(0.7,0.0,-31.2) 6:(25.6,25.6,0.0) 7:(-9.4,35.4,0.0) 8:(-25.6,25.6,-31.2) 9:(-25.6,-25.6,0.0) 10:(25.6,-25.6,-31.2) 11:(-9.4,-35.4,31.2) 12:(-25.6,25.6,31.2) 13:(-9.4,-35.4,-31.2) 14:(35.4,9.4,-31.2) 15:(9.4,-35.4,0.0) 16:(-35.4,9.4,0.0) 17:(35.4,-9.4,0.0) 18:(9.4,35.4,31.2) 19:(-35.4,-9.4,31.2) 20:(-35.4,-9.4,-31.2) 21:(9.4,35.4,-31.2) 22:(25.6,-25.6,31.2) 23:(35.4,9.4,31.2)
mode=3 n=24 points=0:(31.7,0.0,0.0) 1:(-31.7,0.6,0.0) 2:(0.6,31.7,0.0) 3:(0.6,-31.7,0.0) 4:(0.6,0.0,31.7) 5:(0.6,0.0,-31.7) 6:(31.7,-21.8,0.0) 7:(31.5,27.3,0.0) 8:(30.5,30.5,-31.7) 9:(-31.7,21.8,0.0) 10:(-30.5,-30.5,-31.7) 11:(-30.5,-30.5,31.7) 12:(-31.7,-15.0,0.0) 13:(-16.8,-31.7,0.0) 14:(30.5,-30.5,-31.7) 15:(-31.5,-27.3,0.0) 16:(-17.7,31.7,0.0) 17:(17.7,-31.7,0.0) 18:(30.5,30.5,31.7) 19:(-30.5,30.5,31.7) 20:(-30.5,30.5,-31.7) 21:(16.8,31.7,0.0) 22:(31.7,15.0,0.0) 23:(30.5,-30.5,31.7)
mode=3 n=24 points=0:(43.2,0.0,0.0) 1:(-43.2,0.8,0.0) 2:(0.8,43.2,0.0) 3:(0.8,-43.2,0.0) 4:(0.8,0.0,30.7) 5:(0.8,0.0,-30.7) 6:(43.2,-29.8,0.0) 7:(43.1,37.4,0.0) 8:(41.6,41.6,-30.7) 9:(-43.2,29.8,0.0) 10:(-41.6,-41.6,-30.7) 11:(-41.6,-41.6,30.7) 12:(-43.2,-20.4,0.0) 13:(-22.8,-43.2,0.0) 14:(41.6,-41.6,-30.7) 15:(-43.1,-37.4,0.0) 16:(-24.1,43.2,0.0) 17:(24.1,-43.2,0.0) 18:(41.6,41.6,30.7) 19:(-41.6,41.6,30.7) 20:(-41.6,41.6,-30.7) 21:(22.8,43.2,0.0) 22:(43.2,20.5,0.0) 23:(41.6,-41.6,30.7)
mode=3 n=24 points=0:(82.0,0.0,0.0) 1:(-82.0,1.7,0.0) 2:(1.5,82.0,0.0) 3:(1.5,-82.0,0.0) 4:(1.5,0.0,18.4) 5:(1.5,0.0,-18.4) 6:(82.0,-56.7,0.0) 7:(81.8,70.7,0.0) 8:(79.1,79.1,-18.4) 9:(-82.0,56.7,0.0) 10:(-79.1,-79.1,-18.4) 11:(-79.1,-79.1,18.4) 12:(-82.0,-39.0,0.0) 13:(-43.7,-82.0,0.0) 14:(79.1,-79.1,-18.4) 15:(-81.8,-70.7,0.0) 16:(-46.0,82.0,0.0) 17:(46.0,-82.0,0.0) 18:(79.1,79.1,18.4) 19:(-79.1,79.1,18.4) 20:(-79.1,79.1,-18.4) 21:(43.7,82.0,0.0) 22:(82.0,39.1,0.0) 23:(79.1,-79.1,18.4)
mode=3 n=24 points=0:(67.1,0.0,0.0) 1:(-67.1,1.3,0.0) 2:(1.3,67.1,0.0) 3:(1.3,-67.1,0.0) 4:(1.3,0.0,27.9) 5:(1.3,0.0,-27.9) 6:(67.1,-46.4,0.0) 7:(66.9,57.9,0.0) 8:(64.7,64.7,-27.9) 9:(-67.1,46.4,0.0) 10:(-64.7,-64.7,-27.9) 11:(-64.7,-64.7,27.9) 12:(-67.1,-31.9,0.0) 13:(-35.7,-67.1,0.0) 14:(64.7,-64.7,-27.9) 15:(-66.9,-57.9,0.0) 16:(-37.6,67.1,0.0) 17:(37.6,-67.1,0.0) 18:(64.7,64.7,27.9) 19:(-64.7,64.7,27.9) 20:(-64.7,64.7,-27.9) 21:(35.7,67.1,0.0) 22:(67.1,31.9,0.0) 23:(64.7,-64.7,27.9)
mode=3 n=24 points=0:(31.8,0.0,0.0) 1:(-31.8,0.6,0.0) 2:(0.6,31.8,0.0) 3:(0.6,-31.8,0.0) 4:(0.6,0.0,31.8) 5:(0.6,0.0,-31.8) 6:(31.8,-22.0,0.0) 7:(31.7,27.4,0.0) 8:(30.6,30.6,-31.8) 9:(-31.8,22.0,0.0) 10:(-30.6,-30.6,-31.8) 11:(-30.6,-30.6,31.8) 12:(-31.8,-15.1,0.0) 13:(-16.9,-31.8,0.0) 14:(30.6,-30.6,-31.8) 15:(-31.7,-27.4,0.0) 16:(-17.8,31.8,0.0) 17:(17.8,-31.8,0.0) 18:(30.6,30.6,31.8) 19:(-30.6,30.6,31.8) 20:(-30.6,30.6,-31.8) 21:(16.9,31.8,0.0) 22:(31.8,15.1,0.0) 23:(30.6,-30.6,31.8)
mode=4 n=24 points=0:(46.5,0.0,0.0) 1:(-46.5,1.0,0.0) 2:(0.9,46.5,0.0) 3:(0.9,-46.5,0.0) 4:(0.0,0.0,30.7) 5:(0.0,0.0,-30.7) 6:(-22.7,-39.4,15.3) 7:(44.8,44.8,0.0) 8:(22.7,39.4,-15.3) 9:(22.7,39.4,15.3) 10:(-39.4,22.7,-15.3) 11:(-39.4,-22.7,15.3) 12:(-22.7,39.4,15.3) 13:(-39.4,-22.7,-15.3) 14:(22.7,-39.4,-15.3) 15:(-44.8,-44.8,0.0) 16:(39.4,22.7,-15.3) 17:(-22.7,-39.4,-15.3) 18:(39.4,22.7,15.3) 19:(-39.4,22.7,15.3) 20:(-22.7,39.4,-15.3) 21:(39.4,-22.7,-15.3) 22:(22.7,-39.4,15.3) 23:(39.4,-22.7,15.3)
mode=4 n=24 points=0:(54.2,0.0,0.0) 1:(-54.2,1.1,0.0) 2:(1.0,54.2,0.0) 3:(1.0,-54.2,0.0) 4:(0.0,0.0,29.0) 5:(0.0,0.0,-29.0) 6:(-26.1,-45.6,14.5) 7:(52.9,-51.5,0.0) 8:(-26.1,-45.6,-14.5) 9:(51.5,52.9,0.0) 10:(-45.6,32.4,-14.5) 11:(-45.6,-25.9,14.5) 12:(-23.0,45.6,14.5) 13:(-45.6,-25.9,-14.5) 14:(30.9,-45.6,-14.5) 15:(-52.9,51.5,0.0) 16:(44.4,43.3,-14.5) 17:(-51.5,-52.9,0.0) 18:(44.4,43.3,14.5) 19:(-45.6,32.4,14.5) 20:(-23.0,45.6,-14.5) 21:(45.6,-23.3,-14.5) 22:(30.9,-45.6,14.5) 23:(45.6,-23.3,14.5)
mode=5 n=24 points=0:(36.9,0.0,0.0) 1:(-36.9,0.0,0.0) 2:(0.0,36.9,0.0) 3:(0.0,-36.9,0.0) 4:(0.0,0.0,30.9) 5:(0.0,0.0,-30.9) 6:(-7.1,-14.6,15.4) 7:(6.3,-36.2,0.0) 8:(8.1,14.1,-15.4) 9:(15.8,32.6,0.0) 10:(-8.1,-14.1,-15.4) 11:(-16.1,-3.5,15.4) 12:(0.1,16.6,15.4) 13:(-16.6,0.0,-15.4) 14:(8.1,-14.1,-15.4) 15:(-25.9,25.0,0.0) 16:(36.4,-5.1,0.0) 17:(-32.0,-16.9,0.0) 18:(12.7,10.0,15.4) 19:(-12.6,10.2,15.4) 20:(-8.1,14.1,-15.4) 21:(16.6,-0.0,-15.4) 22:(6.9,-14.8,15.4) 23:(16.0,-3.7,15.4)
mode=5 n=24 points=0:(35.8,0.0,0.0) 1:(-35.8,0.0,0.0) 2:(0.0,35.8,0.0) 3:(0.0,-35.8,0.0) 4:(0.0,0.0,29.2) 5:(0.0,0.0,-29.2) 6:(-7.3,-15.1,14.6) 7:(25.0,-25.0,0.0) 8:(13.1,10.3,-14.6) 9:(25.0,25.0,0.0) 10:(-7.3,-15.1,-14.6) 11:(-16.4,-3.7,14.6) 12:(0.1,16.9,14.6) 13:(-16.4,-3.7,-14.6) 14:(7.2,-15.1,-14.6) 15:(-25.0,25.0,0.0) 16:(0.1,16.9,-14.6) 17:(-25.0,-25.0,0.0) 18:(13.1,10.3,14.6) 19:(-13.0,10.4,14.6) 20:(-13.0,10.4,-14.6) 21:(16.4,-3.8,-14.6) 22:(7.2,-15.1,14.6) 23:(16.4,-3.8,14.6)
