mode=1 n=14 points=0:(30.6,0.0,0.0) 1:(-30.6,0.0,0.0) 2:(0.0,30.6,0.0) 3:(0.0,-30.6,0.0) 4:(0.0,0.0,30.6) 5:(0.0,0.0,-30.6) 6:(-19.8,-20.4,-8.3) 7:(17.5,-17.6,15.7) 8:(17.4,16.0,-17.5) 9:(-16.0,19.6,15.0) 10:(13.2,-18.2,-19.0) 11:(-18.1,-11.1,20.5) 12:(17.9,16.5,16.5) 13:(-17.2,14.8,-18.8)
mode=1 n=14 points=0:(90.3,0.0,0.0) 1:(-90.3,0.0,0.0) 2:(0.0,90.3,0.0) 3:(0.0,-90.3,0.0) 4:(0.0,0.0,14.2) 5:(0.0,0.0,-14.2) 6:(-58.5,-60.3,-3.9) 7:(51.9,-52.1,7.3) 8:(51.5,47.5,-8.1) 9:(-47.3,58.1,7.0) 10:(39.2,-53.9,-8.8) 11:(-53.5,-32.9,9.6) 12:(52.8,48.9,7.7) 13:(-50.8,43.9,-8.7)
mode=1 n=14 points=0:(61.2,0.0,0.0) 1:(-61.2,0.0,0.0) 2:(0.0,61.2,0.0) 3:(0.0,-61.2,0.0) 4:(0.0,0.0,21.8) 5:(0.0,0.0,-21.8) 6:(-39.6,-40.9,-5.9) 7:(35.2,-35.3,11.2) 8:(34.9,32.1,-12.5) 9:(-32.0,39.3,10.7) 10:(26.5,-36.5,-13.5) 11:(-36.2,-22.2,14.6) 12:(35.8,33.1,11.8) 13:(-34.4,29.7,-13.4)
mode=1 n=14 points=0:(31.2,0.0,0.0) 1:(-31.2,0.0,0.0) 2:(0.0,31.2,0.0) 3:(0.0,-31.2,0.0) 4:(0.0,0.0,31.2) 5:(0.0,0.0,-31.2) 6:(-20.2,-20.8,-8.5) 7:(17.9,-18.0,16.1) 8:(17.8,16.4,-17.8) 9:(-16.3,20.0,15.3) 10:(13.5,-18.6,-19.4) 11:(-18.4,-11.3,21.0) 12:(18.2,16.9,16.9) 13:(-17.5,15.1,-19.1)
mode=2 n=14 points=0:(31.4,0.0,0.0) 1:(-31.4,0.0,0.0) 2:(0.0,31.4,0.0) 3:(0.0,-31.4,0.0) 4:(0.6,0.0,31.4) 5:(0.6,0.0,-31.4) 6:(-30.3,-7.7,0.0) 7:(28.7,-12.2,31.4) 8:(27.1,15.3,-31.4) 9:(-28.7,12.2,31.4) 10:(-0.2,-31.4,-31.4) 11:(-12.2,-28.7,31.4) 12:(12.2,28.7,31.4) 13:(-26.8,15.7,-31.4)
mode=2 n=14 points=0:(46.3,0.0,0.0) 1:(-46.3,0.0,0.0) 2:(0.0,46.3,0.0) 3:(0.0,-46.3,0.0) 4:(1.0,0.0,27.2) 5:(1.0,0.0,-27.2) 6:(-44.6,-11.3,0.0) 7:(42.2,-17.9,27.2) 8:(39.9,22.5,-27.2) 9:(-42.2,17.9,27.2) 10:(-0.4,-46.3,-27.2) 11:(-17.9,-42.2,27.2) 12:(17.9,42.2,27.2) 13:(-39.5,23.1,-27.2)
mode=2 n=14 points=0:(63.5,0.0,0.0) 1:(-63.5,0.0,0.0) 2:(0.0,63.5,0.0) 3:(0.0,-63.5,0.0) 4:(1.3,0.0,29.5) 5:(1.3,0.0,-29.5) 6:(-61.2,-15.5,0.0) 7:(57.9,-24.6,29.5) 8:(54.7,30.8,-29.5) 9:(-57.9,24.6,29.5) 10:(-0.5,-63.5,-29.5) 11:(-24.6,-57.9,29.5) 12:(24.6,57.9,29.5) 13:(-54.1,31.7,-29.5)
mode=2 n=14 points=0:(85.5,0.0,0.0) 1:(-85.5,0.0,0.0) 2:(0.0,85.5,0.0) 3:(0.0,-85.5,0.0) 4:(1.7,0.0,14.2) 5:(1.7,0.0,-14.2) 6:(-82.5,-20.9,0.0) 7:(78.0,-33.2,14.2) 8:(73.6,41.5,-14.2) 9:(-78.0,33.2,14.2) 10:(-0.7,-85.5,-14.2) 11:(-33.2,-78.0,14.2) 12:(33.2,78.0,14.2) 13:(-72.9,42.8,-14.2)
mode=2 n=14 points=0:(78.0,0.0,0.0) 1:(-78.0,0.0,0.0) 2:(0.0,78.0,0.0) 3:(0.0,-78.0,0.0) 4:(1.6,0.0,14.1) 5:(1.6,0.0,-14.1) 6:(-75.3,-19.2,0.0) 7:(71.2,-30.2,14.1) 8:(67.2,38.0,-14.1) 9:(-71.2,30.2,14.1) 10:(-0.6,-78.0,-14.1) 11:(-30.2,-71.2,14.1) 12:(30.2,71.2,14.1) 13:(-66.6,39.0,-14.1)
mode=2 n=14 points=0:(36.9,0.0,0.0) 1:(-36.9,0.0,0.0) 2:(0.0,36.9,0.0) 3:(0.0,-36.9,0.0) 4:(0.8,0.0,27.4) 5:(0.8,0.0,-27.4) 6:(-35.6,-9.0,0.0) 7:(33.6,-14.3,27.4) 8:(31.7,17.9,-27.4) 9:(-33.6,14.3,27.4) 10:(-0.3,-36.9,-27.4) 11:(-14.3,-33.6,27.4) 12:(14.3,33.6,27.4) 13:(-31.4,18.4,-27.4)
mode=3 n=14 points=0:(31.4,0.0,0.0) 1:(-31.4,0.7,0.0) 2:(0.7,31.4,0.0) 3:(0.7,-31.4,0.0) 4:(0.7,0.0,31.4) 5:(0.7,0.0,-31.4) 6:(-31.3,-27.3,0.0) 7:(30.3,-30.3,31.4) 8:(31.4,13.7,-31.4) 9:(-30.3,30.3,31.4) 10:(-19.8,-31.4,-31.4) 11:(-30.3,-30.3,31.4) 12:(30.3,30.3,31.4) 13:(-21.1,31.4,-31.4)
mode=3 n=14 points=0:(30.8,0.0,0.0) 1:(-30.8,0.7,0.0) 2:(0.6,30.8,0.0) 3:(0.6,-30.8,0.0) 4:(0.6,0.0,30.8) 5:(0.6,0.0,-30.8) 6:(-30.7,-26.8,0.0) 7:(29.7,-29.7,30.8) 8:(30.8,13.4,-30.8) 9:(-29.7,29.7,30.8) 10:(-19.3,-30.8,-30.8) 11:(-29.7,-29.7,30.8) 12:(29.7,29.7,30.8) 13:(-20.7,30.8,-30.8)
mode=3 n=14 points=0:(87.1,0.0,0.0) 1:(-87.1,1.9,0.0) 2:(1.8,87.1,0.0) 3:(1.8,-87.1,0.0) 4:(1.8,0.0,12.9) 5:(1.8,0.0,-12.9) 6:(-86.8,-75.6,0.0) 7:(84.0,-84.0,12.9) 8:(87.1,37.7,-12.9) 9:(-84.0,84.0,12.9) 10:(-54.8,-87.1,-12.9) 11:(-84.0,-84.0,12.9) 12:(84.0,84.0,12.9) 13:(-58.5,87.1,-12.9)
mode=3 n=14 points=0:(92.6,0.0,0.0) 1:(-92.6,2.1,0.0) 2:(1.9,92.6,0.0) 3:(1.9,-92.6,0.0) 4:(1.9,0.0,11.3) 5:(1.9,0.0,-11.3) 6:(-92.3,-80.5,0.0) 7:(89.3,-89.3,11.3) 8:(92.6,40.3,-11.3) 9:(-89.3,89.3,11.3) 10:(-58.2,-92.6,-11.3) 11:(-89.3,-89.3,11.3) 12:(89.3,89.3,11.3) 13:(-62.2,92.6,-11.3)
mode=3 n=14 points=0:(89.3,2.0,0.0) 1:(-89.9,1.7,0.0) 2:(1.3,91.3,0.0) 3:(2.5,-90.7,0.0) 4:(1.9,0.0,0.0) 5:(-39.0,43.2,0.0) 6:(-84.9,-90.1,0.0) 7:(88.5,-84.2,0.0) 8:(83.5,86.8,0.0) 9:(-85.8,88.7,0.0) 10:(46.0,-42.4,0.0) 11:(-43.6,-43.2,0.0) 12:(45.9,41.9,0.0) 13:(-91.1,-45.7,0.0)
mode=3 n=14 points=0:(38.0,0.0,0.0) 1:(-38.0,0.9,0.0) 2:(0.8,38.0,0.0) 3:(0.8,-38.0,0.0) 4:(0.8,0.0,28.5) 5:(0.8,0.0,-28.5) 6:(-37.8,-33.0,0.0) 7:(36.6,-36.6,28.5) 8:(38.0,16.6,-28.5) 9:(-36.6,36.6,28.5) 10:(-23.9,-38.0,-28.5) 11:(-36.6,-36.6,28.5) 12:(36.6,36.6,28.5) 13:(-25.5,38.0,-28.5)
mode=4 n=14 points=0:(32.3,0.0,0.0) 1:(-32.3,0.7,0.0) 2:(0.7,32.3,0.0) 3:(0.7,-32.3,0.0) 4:(0.0,0.0,32.3) 5:(0.0,0.0,-32.3) 6:(-31.2,31.2,0.0) 7:(13.0,-27.7,16.2) 8:(-27.7,-18.6,-16.2) 9:(-13.9,27.7,16.2) 10:(27.7,-17.4,-16.2) 11:(-27.7,-12.9,16.2) 12:(27.7,13.5,16.2) 13:(-12.9,27.7,-16.2)
mode=4 n=14 points=0:(67.3,0.0,0.0) 1:(-67.3,1.6,0.0) 2:(1.5,67.3,0.0) 3:(1.5,-67.3,0.0) 4:(0.0,0.0,32.2) 5:(0.0,0.0,-32.2) 6:(-64.9,64.9,0.0) 7:(27.2,-57.8,16.1) 8:(-57.8,-38.8,-16.1) 9:(-29.0,57.8,16.1) 10:(57.8,-36.3,-16.1) 11:(-57.8,-27.0,16.1) 12:(57.8,28.3,16.1) 13:(-27.0,57.8,-16.1)
mode=4 n=14 points=0:(90.4,0.0,0.0) 1:(-90.4,2.1,0.0) 2:(2.0,90.4,0.0) 3:(2.0,-90.4,0.0) 4:(0.0,0.0,14.3) 5:(0.0,0.0,-14.3) 6:(-87.3,87.3,0.0) 7:(36.6,-77.6,7.1) 8:(-77.6,-52.1,-7.1) 9:(-39.0,77.6,7.1) 10:(77.6,-48.8,-7.1) 11:(-77.6,-36.2,7.1) 12:(77.6,38.0,7.1) 13:(-36.3,77.6,-7.1)
mode=4 n=14 points=0:(55.3,0.0,0.0) 1:(-55.3,1.3,0.0) 2:(1.3,55.3,0.0) 3:(1.3,-55.3,0.0) 4:(0.0,0.0,30.5) 5:(0.0,0.0,-30.5) 6:(-53.4,53.4,0.0) 7:(22.5,-47.7,15.3) 8:(-47.7,-32.0,-15.3) 9:(-24.1,47.7,15.3) 10:(47.7,-29.9,-15.3) 11:(-47.7,-22.3,15.3) 12:(47.7,23.5,15.3) 13:(-22.5,47.7,-15.3)
mode=4 n=14 points=0:(33.2,0.0,0.0) 1:(-33.2,0.8,0.0) 2:(0.8,33.2,0.0) 3:(0.8,-33.2,0.0) 4:(0.0,0.0,33.2) 5:(0.0,0.0,-33.2) 6:(-32.1,32.1,0.0) 7:(13.5,-28.6,16.6) 8:(-28.6,-19.2,-16.6) 9:(-14.5,28.6,16.6) 10:(28.6,-18.0,-16.6) 11:(-28.6,-13.4,16.6) 12:(28.6,14.1,16.6) 13:(-13.6,28.6,-16.6)
mode=5 n=14 points=0:(32.7,0.0,0.0) 1:(-32.7,0.0,0.0) 2:(0.0,32.7,0.0) 3:(0.0,-32.7,0.0) 4:(0.0,0.0,32.7) 5:(0.0,0.0,-32.7) 6:(-22.7,22.7,0.0) 7:(5.9,-13.8,16.4) 8:(-13.0,-7.5,-16.4) 9:(-5.9,13.8,16.4) 10:(13.0,-7.5,-16.4) 11:(-13.8,-5.9,16.4) 12:(13.8,5.9,16.4) 13:(-0.0,15.2,-16.4)
mode=5 n=14 points=0:(58.5,0.0,0.0) 1:(-58.5,0.0,0.0) 2:(0.0,58.5,0.0) 3:(0.0,-58.5,0.0) 4:(0.0,0.0,30.9) 5:(0.0,0.0,-30.9) 6:(-40.6,40.6,0.0) 7:(10.6,-24.7,15.5) 8:(-23.2,-13.4,-15.5) 9:(-10.6,24.7,15.5) 10:(23.2,-13.4,-15.5) 11:(-24.7,-10.6,15.5) 12:(24.7,10.6,15.5) 13:(-0.0,27.2,-15.5)
mode=5 n=14 points=0:(88.5,0.0,0.0) 1:(-88.5,0.0,0.0) 2:(0.0,88.5,0.0) 3:(0.0,-88.5,0.0) 4:(0.0,0.0,17.0) 5:(0.0,0.0,-17.0) 6:(-61.5,61.5,0.0) 7:(16.0,-37.5,8.5) 8:(-35.3,-20.3,-8.5) 9:(-16.0,37.5,8.5) 10:(35.3,-20.3,8.5) 11:(-37.5,-16.0,8.5) 12:(37.5,16.0,8.5) 13:(-0.0,41.3,-8.5)
mode=5 n=14 points=0:(34.0,0.0,0.0) 1:(-34.0,0.0,0.0) 2:(0.0,34.0,0.0) 3:(0.0,-34.0,0.0) 4:(0.0,0.0,34.0) 5:(0.0,0.0,-34.0) 6:(-23.6,23.6,0.0) 7:(6.2,-14.5,17.0) 8:(-13.6,-7.8,-17.0) 9:(-6.2,14.5,17.0) 10:(13.6,-7.8,-17.0) 11:(-14.5,-6.2,17.0) 12:(14.5,6.2,17.0) 13:(0.0,15.9,-17.0)
mode=5 n=14 points=0:(35.5,0.0,0.0) 1:(-35.5,0.0,0.0) 2:(0.0,35.5,0.0) 3:(0.0,-35.5,0.0) 4:(0.0,0.0,25.8) 5:(0.0,0.0,-25.8) 6:(-24.9,24.9,0.0) 7:(6.6,-15.7,12.9) 8:(-14.8,-8.5,-12.9) 9:(-6.6,15.7,12.9) 10:(14.8,-8.5,-12.9) 11:(-15.7,-6.6,12.9) 12:(15.7,6.6,12.9) 13:(0.0,17.2,-12.9)
mode=5 n=14 points=0:(35.5,0.0,0.0) 1:(-35.5,0.0,0.0) 2:(0.0,35.5,0.0) 3:(0.0,-35.5,0.0) 4:(0.0,0.0,25.8) 5:(0.0,0.0,-25.8) 6:(-24.9,24.9,0.0) 7:(6.6,-15.7,12.9) 8:(-14.8,-8.5,-12.9) 9:(-6.6,15.7,12.9) 10:(14.8,-8.5,-12.9) 11:(-15.7,-6.6,12.9) 12:(15.7,6.6,12.9) 13:(0.0,17.2,-12.9)
